50 10
64 97 36 42 76 88 72 78 51 74
75 21 21 88 82 64 52 56 9 6
99 74 60 75 95 70 33 77 5 24
88 67 17 13 88 75 15 66 45 1
81 64 64 25 84 84 12 13 17 76
47 56 3 74 32 81 4 72 53 42
13 87 84 42 9 80 75 8 50 59
39 10 80 16 95 63 3 61 9 81
84 94 67 77 63 53 8 36 15 57
48 23 81 75 96 60 41 79 37 48
86 43 42 65 69 21 27 64 75 41
68 95 29 11 4 63 1 69 8 18
15 47 76 70 88 95 59 42 33 38
32 53 28 26 88 61 39 69 56 44
79 60 46 12 56 57 12 32 13 90
24 86 32 45 85 33 1 51 87 78
46 11 65 1 64 91 3 24 87 70
12 32 49 74 25 89 19 16 62 5
86 92 52 32 40 25 35 1 27 74
41 98 44 84 75 49 86 98 95 6
67 32 15 69 37 61 7 65 26 6
90 67 85 16 49 13 37 29 44 89
29 30 19 70 8 94 31 78 58 94
23 10 3 70 86 71 93 83 72 18
88 1 12 93 76 15 74 84 98 78
96 43 65 51 38 98 19 61 86 39
25 15 39 98 95 81 6 14 46 73
4 84 46 49 92 29 18 81 59 53
62 68 33 48 14 21 82 68 71 72
79 54 82 13 92 97 54 74 46 52
11 40 90 23 63 8 19 61 14 56
76 58 17 11 26 18 35 76 40 49
40 16 72 41 89 65 30 16 99 42
40 12 82 92 34 91 26 45 81 92
83 47 40 30 32 77 16 54 91 92
22 52 61 55 6 77 85 14 53 24
73 90 76 85 71 36 82 27 82 85
45 88 37 44 45 60 77 4 76 78
68 85 12 73 96 88 13 97 4 99
24 44 29 64 44 51 68 4 52 67
26 1 84 33 57 43 42 42 6 85
34 97 17 4 44 47 35 70 69 49
72 50 29 20 68 62 26 66 77 31
23 52 36 24 14 32 36 39 11 49
78 99 45 51 84 1 51 54 68 18
87 80 67 77 31 36 30 39 90 21
48 95 70 81 14 14 33 17 45 93
59 35 2 38 46 2 54 4 98 76
35 31 21 21 63 89 31 11 38 71
51 16 35 23 35 77 47 59 65 93
