50 10
73 3 92 1 38 20 28 99 59 27
36 14 3 44 64 93 63 70 31 23
94 11 21 12 90 25 85 2 96 54
13 26 11 26 9 17 3 27 76 71
62 93 52 16 52 22 51 2 46 44
93 24 54 58 62 15 60 23 41 65
73 18 28 84 60 86 39 90 38 62
78 59 2 38 43 83 7 70 94 28
81 75 9 70 15 76 55 61 25 36
74 21 98 36 94 66 87 11 72 66
25 11 75 55 73 51 71 95 1 88
22 72 65 62 99 1 37 20 69 52
66 47 48 75 59 41 80 33 39 87
49 39 46 66 68 99 50 79 4 20
87 1 71 55 52 77 72 81 77 1
63 43 16 68 36 6 21 7 89 21
46 51 53 5 90 63 43 64 29 95
3 39 54 64 59 60 23 74 41 99
4 90 87 4 86 48 86 38 3 53
5 14 42 77 65 35 12 75 72 21
11 31 80 52 30 75 7 2 26 5
64 93 22 71 35 98 98 31 13 97
28 6 96 47 60 73 25 44 61 60
13 56 30 42 59 67 25 26 44 18
47 84 37 96 90 15 88 46 72 18
57 83 21 81 16 54 58 56 10 49
51 48 18 86 19 98 46 80 37 46
42 85 36 84 31 29 3 5 63 94
23 34 40 67 9 39 47 2 59 16
76 50 54 81 59 39 79 26 91 96
98 36 33 39 33 86 32 88 30 53
95 2 25 57 72 52 26 71 90 72
29 9 90 70 69 35 21 25 42 39
77 36 36 25 55 78 60 62 1 66
90 14 31 50 48 74 75 47 41 77
17 88 98 65 82 10 39 84 33 83
39 49 55 94 53 68 48 12 40 80
81 61 68 50 90 53 38 27 19 92
28 66 15 31 68 67 13 55 12 32
19 35 16 22 83 84 17 30 99 21
94 98 27 76 18 61 36 75 98 81
2 65 93 22 92 35 38 28 77 13
65 85 34 75 55 78 99 40 56 72
7 10 18 54 41 83 13 9 98 44
92 83 28 91 61 1 16 10 68 38
97 6 78 85 89 64 98 20 73 88
42 32 57 18 80 80 1 30 55 4
54 22 86 4 15 25 67 9 53 63
87 56 69 72 29 55 89 86 41 13
41 78 72 15 41 82 49 23 25 35
