50 10
38 20 29 95 66 60 48 31 80 46
34 28 32 27 91 92 3 83 16 97
47 33 85 37 64 82 45 52 69 17
64 96 85 87 2 87 1 46 71 88
85 44 80 4 60 74 86 39 8 90
82 16 13 75 96 10 58 17 1 34
7 51 66 76 89 51 4 48 89 50
73 77 9 61 7 61 66 93 54 53
95 60 8 37 90 52 20 6 43 50
23 96 95 74 80 12 18 73 5 99
55 92 85 11 55 63 82 37 30 87
11 90 51 78 10 39 17 4 44 62
22 83 33 58 12 49 57 79 91 79
35 72 96 6 59 58 77 16 82 59
37 37 87 69 50 53 17 61 57 9
74 96 77 28 58 29 20 15 19 74
78 87 93 37 98 48 26 1 20 29
41 99 35 81 45 7 63 90 34 60
74 84 88 59 1 52 4 61 61 87
93 59 76 41 98 85 28 6 95 15
10 81 67 40 51 11 23 4 17 24
64 24 5 38 68 12 44 84 91 81
29 93 14 98 37 19 34 73 4 55
38 31 81 84 84 10 83 98 20 97
21 15 21 59 60 35 13 87 76 61
57 8 68 39 87 93 15 86 18 48
73 76 40 75 26 14 31 53 10 82
36 81 50 96 61 41 60 34 70 46
9 9 20 39 80 2 1 58 11 18
81 68 83 11 35 81 2 52 9 43
2 38 58 43 92 14 41 80 51 65
50 1 40 15 23 77 81 13 71 11
17 93 4 73 17 63 1 24 10 52
28 35 39 57 36 27 57 93 17 96
43 97 29 57 66 51 43 57 99 36
42 46 2 30 81 82 90 24 50 7
91 8 37 48 70 16 12 32 17 2
5 26 22 53 71 32 59 18 29 13
61 37 55 82 33 88 8 13 70 76
20 69 9 14 49 83 19 27 6 48
92 87 26 34 77 18 8 81 27 6
99 35 3 58 6 69 83 3 42 28
22 72 58 72 4 79 50 56 89 9
4 15 25 8 50 22 40 48 13 13
58 2 21 86 91 5 10 31 25 25
27 1 23 82 62 81 90 9 8 87
76 44 8 78 52 92 76 86 52 83
90 13 22 85 51 7 65 27 82 35
63 25 43 1 1 91 18 32 77 91
24 90 76 99 16 28 59 21 18 75
