50 10
1 28 97 78 1 42 56 41 42 65
26 4 50 68 21 14 48 76 22 76
15 76 61 88 2 78 7 51 3 74
16 98 26 45 87 1 94 76 75 69
94 55 34 93 1 44 27 30 85 9
33 93 27 18 72 62 95 86 93 73
74 51 31 73 23 42 3 55 59 54
29 76 17 33 98 23 73 25 52 59
52 78 45 74 65 72 7 19 97 69
58 28 86 94 61 29 94 83 28 8
20 56 56 81 61 62 93 34 48 30
71 95 65 25 79 38 6 88 26 73
8 27 42 24 11 38 91 77 1 54
37 22 56 99 29 93 26 55 91 36
68 15 11 12 22 9 73 83 44 68
92 99 42 94 58 89 36 93 29 39
90 94 20 62 62 17 38 12 81 5
65 98 56 38 71 98 21 15 49 35
74 85 70 4 64 46 46 7 41 78
89 54 8 69 53 81 85 49 81 62
73 77 51 47 66 66 68 93 1 31
75 59 57 90 36 71 54 71 32 42
33 75 98 39 57 2 17 64 91 68
72 25 46 85 34 1 33 5 97 76
57 22 25 67 68 11 75 48 83 51
72 60 56 40 29 60 75 54 34 55
41 94 34 19 61 40 92 13 1 37
50 27 12 44 94 60 99 31 43 46
29 3 31 82 55 64 99 63 82 27
7 68 79 40 60 29 75 20 49 13
76 82 58 5 47 31 49 25 75 77
11 85 3 64 74 85 36 59 19 13
60 19 79 77 26 75 32 16 6 67
29 18 4 72 17 34 65 78 23 30
12 68 78 9 61 70 49 82 41 92
70 75 63 25 97 70 73 35 69 97
67 91 53 13 87 26 6 58 82 63
82 37 10 25 50 5 33 51 2 35
21 46 67 38 13 45 20 64 19 10
79 80 60 74 36 18 10 94 92 75
37 78 32 42 37 43 5 76 4 10
14 18 99 39 53 35 19 2 10 47
70 26 7 37 79 68 27 74 84 64
21 78 98 21 62 76 16 83 18 47
78 21 72 22 73 68 66 47 6 18
51 63 62 30 26 61 97 69 75 42
82 8 81 53 89 13 22 93 11 45
41 50 65 22 30 29 89 20 47 20
89 14 24 34 82 19 4 5 42 38
82 27 23 7 86 47 16 89 98 82
