50 10
1 7 67 45 80 78 38 15 37 45
80 21 36 97 68 64 34 98 26 30
87 40 50 98 20 31 89 88 66 84
20 97 57 37 42 47 3 60 57 98
3 89 43 89 84 77 40 3 12 32
6 10 94 10 26 34 4 38 67 1
26 87 81 56 8 49 92 84 41 12
10 19 22 60 5 51 54 50 74 68
49 48 37 57 81 52 53 23 2 85
82 45 1 9 15 22 53 83 1 73
24 67 8 66 90 4 24 15 90 10
5 1 16 20 31 13 7 79 74 44
41 42 37 20 20 8 95 91 89 81
77 72 84 67 4 31 9 74 72 90
24 92 76 16 88 94 35 53 73 53
86 1 26 8 60 78 17 8 91 22
44 62 21 56 55 65 64 76 12 25
40 78 51 31 76 5 30 12 63 6
98 8 7 13 21 4 44 85 45 82
60 98 38 76 33 49 18 10 57 74
98 97 5 74 7 65 36 41 11 52
29 32 6 64 18 13 93 9 16 35
40 65 31 66 98 60 75 84 9 23
24 65 78 83 81 75 85 58 29 9
43 10 97 88 78 75 96 46 67 48
93 25 53 41 65 23 37 51 51 65
97 1 52 31 35 79 64 83 85 32
77 53 19 31 37 12 54 99 74 8
96 53 13 82 96 24 79 71 32 63
38 70 17 94 47 5 65 5 17 54
67 65 43 32 82 74 9 75 28 16
22 71 61 80 59 74 28 23 69 67
2 17 26 42 47 67 46 69 73 72
2 40 73 74 83 94 19 43 89 65
10 96 52 29 29 86 99 90 90 78
80 44 11 99 63 69 29 30 97 55
85 22 46 52 58 46 38 35 46 89
49 69 63 79 34 94 16 33 75 1
45 57 68 50 73 18 80 56 14 9
64 36 51 59 9 39 86 33 20 26
15 88 57 16 39 30 27 95 44 84
88 25 11 23 82 95 33 35 50 29
20 72 14 87 55 27 68 68 49 72
23 2 10 19 65 69 32 9 55 16
13 37 1 79 30 95 56 53 52 35
52 75 41 59 95 19 80 84 89 92
9 33 42 35 47 91 94 9 97 5
73 1 66 66 41 34 5 58 43 46
6 97 63 20 19 24 55 44 96 69
90 92 9 89 42 73 37 6 77 80
