50 10
75 60 73 30 28 84 92 90 25 84
38 22 25 7 57 35 11 9 58 70
52 89 14 74 25 62 38 94 87 80
56 97 49 31 19 9 46 80 61 76
51 66 11 29 52 86 53 12 33 72
98 6 86 5 21 25 1 36 49 56
22 57 21 65 94 17 58 57 25 63
12 61 75 74 78 11 27 44 19 53
84 59 87 78 59 30 51 51 15 4
25 31 83 32 70 77 19 77 4 30
33 1 84 77 14 66 15 50 6 74
51 97 79 49 61 34 2 64 88 78
90 73 46 82 63 37 12 33 34 9
77 50 13 86 25 3 82 28 74 48
5 60 47 31 39 19 80 89 23 56
23 71 14 99 60 75 21 90 98 83
51 16 67 3 4 40 86 2 93 80
19 91 62 85 57 24 91 28 97 49
93 79 85 7 10 93 13 1 29 17
82 75 96 59 99 77 37 91 25 76
27 30 35 82 51 34 57 29 51 28
10 60 45 27 78 74 57 42 13 70
10 92 54 88 83 17 23 96 85 97
4 22 35 93 14 73 21 88 33 78
45 95 32 99 16 14 20 35 30 57
75 97 60 8 98 35 92 26 5 1
30 2 74 84 14 58 59 10 65 40
73 81 7 40 73 77 2 60 97 50
86 58 90 3 97 79 9 16 73 41
38 52 94 49 90 62 49 10 70 32
9 82 35 43 25 96 12 23 98 80
12 38 49 92 47 43 17 25 99 74
56 39 49 27 27 30 87 55 49 28
8 40 36 45 42 90 8 42 12 39
71 79 54 71 72 45 72 34 83 76
71 88 11 64 32 99 37 98 55 42
27 58 33 84 18 14 99 73 68 81
91 3 53 56 65 18 97 15 21 83
82 7 94 35 6 77 16 74 51 36
2 20 89 85 60 99 80 43 38 45
80 88 45 77 32 99 42 53 96 32
50 19 36 33 29 59 73 57 47 10
27 71 67 31 46 48 16 98 61 23
66 35 70 46 97 26 60 68 70 51
48 31 57 97 18 13 24 84 64 15
58 57 7 45 19 24 8 40 61 56
15 4 92 53 71 86 78 82 60 72
45 53 4 84 36 34 4 89 75 66
77 16 88 16 14 97 91 61 8 96
60 12 36 54 95 17 88 18 59 31
