50 10
6 23 90 45 50 30 61 55 54 10
77 10 71 74 32 17 90 89 22 7
23 46 32 33 52 44 42 5 79 88
37 69 96 11 88 16 58 74 21 7
71 40 46 63 2 25 41 77 77 98
50 41 89 81 20 14 99 5 16 70
53 65 17 30 46 70 67 24 56 99
74 57 41 13 78 40 23 95 72 18
62 38 18 39 25 13 31 16 79 92
62 81 57 25 98 46 22 30 46 29
5 25 73 99 31 90 66 11 1 94
60 86 78 1 14 69 55 87 78 12
29 31 3 73 53 52 55 74 83 37
87 97 54 1 58 96 10 45 71 91
80 2 1 96 53 90 20 22 84 63
99 39 83 7 34 48 76 95 5 15
55 43 52 58 12 9 56 98 94 26
88 28 8 62 18 76 48 24 11 1
84 86 41 50 37 70 33 54 45 25
33 95 95 47 60 52 18 21 39 14
53 82 55 41 69 46 21 87 18 65
45 58 43 12 2 3 4 88 61 50
31 25 88 25 5 38 61 56 43 73
95 53 81 55 53 46 40 51 25 91
87 73 18 42 4 71 92 57 59 10
26 39 39 87 3 2 29 90 65 82
55 48 86 21 90 66 36 27 65 18
68 71 22 22 85 67 70 89 23 18
76 28 29 13 8 93 46 84 10 51
18 58 10 52 46 89 23 84 92 73
83 96 73 7 52 90 62 71 69 47
54 72 87 28 13 11 88 72 19 68
38 51 52 14 64 22 3 8 68 78
58 10 32 23 42 82 51 27 35 26
84 53 3 45 95 85 90 40 18 69
15 61 95 61 60 61 20 59 84 5
76 99 73 45 87 93 27 73 44 12
56 85 85 34 54 65 56 74 27 90
86 90 39 91 72 98 78 56 87 65
51 57 18 85 52 28 21 65 32 85
59 38 98 39 40 6 45 9 74 76
52 37 10 15 70 63 21 58 94 50
34 7 27 62 46 48 8 83 24 39
30 38 84 52 80 77 98 2 19 93
15 3 1 16 4 82 83 21 21 27
15 61 6 76 10 28 95 83 61 74
22 46 93 76 72 37 3 32 43 31
50 25 29 69 31 62 67 47 10 32
99 59 9 37 95 34 91 55 10 19
4 31 74 32 88 74 72 42 3 47
