50 10
46 92 46 95 35 88 99 70 89 23
63 96 95 17 64 31 97 27 27 40
86 2 19 60 30 2 22 60 12 19
31 52 60 66 49 55 81 82 47 77
76 55 71 14 83 91 33 35 61 6
45 83 32 62 29 45 94 73 14 42
67 33 68 70 85 41 37 57 76 70
85 16 25 53 32 89 82 53 20 85
98 58 82 91 73 67 9 8 2 29
74 1 30 32 87 10 93 60 83 42
67 51 1 8 32 52 15 14 4 36
83 12 24 11 74 22 38 56 29 89
77 29 14 30 84 6 92 9 31 44
59 84 29 66 48 60 72 65 3 86
8 89 73 38 52 1 79 17 4 34
97 5 89 64 15 83 46 43 51 22
23 21 97 33 58 59 48 77 73 31
76 17 45 76 49 10 90 74 58 6
73 40 75 5 12 44 36 53 23 28
99 81 40 53 44 50 1 76 86 57
43 74 53 46 53 52 31 55 97 60
93 96 14 89 31 43 74 68 35 55
38 91 28 34 2 24 71 42 52 85
88 51 83 54 81 89 1 38 70 94
95 26 10 97 27 34 22 45 99 66
14 54 85 70 57 28 85 22 81 57
28 38 96 33 90 86 56 33 12 43
47 72 32 60 24 1 77 6 53 19
91 20 96 40 91 25 34 76 17 54
63 27 95 38 76 51 14 73 34 57
69 7 56 27 91 49 92 85 74 10
52 52 43 20 31 19 84 73 22 15
13 23 84 98 88 40 27 46 34 53
25 43 77 19 54 47 33 4 40 69
49 16 98 22 71 55 21 64 93 52
96 18 82 8 44 4 86 99 19 78
61 37 3 27 75 8 14 32 60 27
90 66 91 82 26 80 62 96 77 76
27 33 4 72 37 68 13 49 99 76
29 89 95 6 61 39 87 37 75 46
27 47 34 50 68 85 98 40 86 75
3 27 81 78 61 16 19 86 41 40
90 48 8 79 49 59 2 78 63 79
60 58 54 38 18 6 51 60 54 26
53 57 32 83 3 95 68 57 89 4
95 3 94 55 75 84 67 38 69 95
68 42 33 6 14 71 37 28 48 5
48 90 52 22 69 27 41 65 39 64
40 18 3 25 4 49 11 87 26 42
74 51 14 18 86 23 29 34 22 78
