50 10
54 65 38 53 65 92 2 79 8 21
8 76 58 89 73 59 91 76 42 37
59 93 98 77 41 41 20 35 82 97
94 35 77 57 46 11 36 80 46 51
23 82 37 62 71 21 97 15 52 69
73 28 13 3 94 49 15 64 60 48
93 60 26 79 95 67 50 15 78 69
2 60 61 26 66 85 27 86 68 76
57 45 52 70 23 48 74 82 6 9
61 11 57 13 9 9 70 45 99 58
28 67 45 47 94 55 93 41 55 82
35 84 39 73 74 30 52 45 31 3
71 21 35 72 90 67 15 13 1 77
44 98 56 53 67 76 42 67 15 18
38 48 79 74 54 97 79 2 92 17
58 28 86 70 94 22 9 34 48 96
12 71 74 53 23 83 61 99 15 68
77 81 20 14 97 85 50 67 90 44
32 70 39 94 14 28 33 97 81 2
13 66 40 12 14 33 83 18 93 25
12 71 95 4 98 9 91 17 58 1
82 6 70 58 71 96 54 75 99 78
24 5 63 57 49 11 50 37 7 27
33 89 88 97 80 7 27 11 40 95
34 8 78 57 4 49 14 57 8 67
82 68 82 90 17 42 44 55 73 86
83 40 85 66 15 93 41 75 93 70
94 84 39 79 49 70 54 11 89 80
15 19 54 17 5 14 48 96 7 80
65 64 4 22 11 35 96 50 69 53
5 91 36 99 51 51 15 52 58 58
78 67 5 97 72 86 79 30 53 95
88 28 51 24 39 44 69 82 80 86
15 92 68 51 72 24 74 26 32 20
72 31 79 39 81 80 6 59 17 69
15 21 45 50 25 76 23 45 78 91
38 16 20 93 97 49 27 85 9 44
62 14 24 15 12 35 61 60 25 59
49 52 97 10 99 65 42 32 8 50
74 86 48 17 35 41 91 55 70 23
2 7 21 96 20 91 4 41 86 14
31 68 7 59 74 58 92 16 13 99
91 22 75 33 9 21 67 77 70 33
26 14 32 93 76 94 4 60 53 44
69 17 88 56 96 77 11 10 64 50
93 60 51 92 48 29 43 19 41 8
12 34 13 41 39 23 41 60 70 19
64 65 4 88 26 57 98 88 22 47
23 98 49 62 99 6 87 61 43 58
71 73 90 43 8 83 54 6 59 99
