50 10
45 12 5 9 4 87 35 34 25 52
3 46 71 99 62 5 73 19 40 37
10 6 89 92 47 97 13 8 42 81
64 80 79 38 9 33 82 56 95 44
7 48 34 76 84 52 82 39 86 68
42 93 10 77 97 43 13 7 3 32
62 58 20 94 55 49 40 95 40 82
81 42 78 55 62 2 22 16 1 12
73 90 36 44 75 77 79 38 64 12
61 26 2 43 16 87 32 80 33 62
13 95 94 83 63 74 36 64 29 37
87 97 11 79 38 7 78 31 60 58
41 25 11 72 62 66 45 76 63 42
52 83 78 30 79 66 31 55 2 34
23 51 45 93 56 97 45 51 32 9
39 71 21 13 50 21 40 66 87 26
94 10 79 66 18 65 47 5 12 84
81 55 48 75 37 68 19 42 90 46
1 51 40 96 82 27 93 23 35 2
24 11 67 73 28 65 14 98 39 20
45 24 13 40 79 7 59 56 77 83
89 34 74 31 95 84 63 45 76 79
93 25 48 10 99 21 69 12 73 72
89 31 20 81 5 88 95 33 59 28
91 28 75 27 69 27 45 63 88 11
20 74 88 55 44 73 93 58 71 69
83 89 60 57 6 55 4 29 47 10
21 95 32 49 83 45 80 87 5 95
21 96 18 14 18 46 3 8 75 71
14 9 60 72 87 51 1 26 25 29
25 2 34 15 65 53 31 99 32 19
30 81 98 80 38 3 91 61 34 14
12 39 27 19 89 68 52 85 57 72
79 41 8 87 30 88 48 4 44 73
63 84 20 49 9 52 84 93 91 36
82 32 44 62 51 40 24 55 7 88
44 99 75 34 58 91 45 46 26 19
2 71 60 98 81 35 85 31 94 47
53 66 90 25 15 93 88 36 27 62
77 44 72 42 26 8 19 56 26 38
73 10 91 25 58 78 41 63 27 20
81 76 56 31 17 98 54 21 74 88
74 78 2 23 77 14 46 39 85 14
76 30 31 92 47 52 47 89 99 20
72 27 34 87 30 66 92 56 81 43
75 95 43 23 17 5 91 1 35 48
22 86 85 49 55 17 48 72 33 15
89 80 76 90 48 62 28 47 42 16
15 28 18 71 57 85 2 8 44 15
77 1 66 11 9 49 46 3 64 24
