50 10
61 57 17 80 25 62 65 34 36 21
54 68 36 42 77 91 95 91 73 87
45 54 10 68 12 41 16 30 60 59
14 4 17 41 68 29 16 68 67 3
94 48 86 36 95 37 19 16 2 23
71 67 45 95 86 78 54 40 88 48
22 44 64 15 13 34 83 5 84 96
83 40 60 7 50 83 98 67 10 8
16 94 40 65 51 37 63 18 41 99
58 76 95 51 65 32 69 99 64 36
47 45 17 25 70 35 65 70 10 72
31 7 57 92 14 83 90 21 74 26
35 76 60 62 18 76 65 32 10 38
44 91 47 9 93 20 97 32 90 98
69 50 10 25 11 22 73 95 83 35
79 13 62 54 51 4 67 36 78 28
39 59 48 14 19 73 65 89 69 13
66 83 39 69 39 10 40 16 78 15
5 43 10 71 99 58 74 81 62 57
74 29 39 71 31 83 27 85 43 64
1 22 82 83 71 3 32 72 54 6
16 46 51 55 18 30 23 35 2 28
10 43 31 29 71 35 99 21 84 99
2 65 13 5 10 67 10 17 53 25
13 56 64 89 52 27 78 66 70 95
90 46 48 97 50 49 2 11 61 97
58 66 76 86 58 2 21 3 56 52
56 40 4 94 40 41 4 14 64 9
34 40 93 97 77 48 10 10 32 33
93 14 91 29 21 96 6 82 29 38
65 1 99 62 4 26 13 15 50 33
30 83 87 50 54 19 99 22 43 24
75 29 6 28 60 11 92 36 91 86
28 20 92 17 41 8 59 91 6 74
82 3 30 21 20 19 25 42 11 40
74 99 39 59 84 41 25 22 93 67
10 77 4 4 33 16 80 83 78 91
47 63 36 73 13 31 45 95 18 64
37 5 41 5 41 22 28 42 90 96
74 36 41 27 3 59 12 24 46 16
71 24 99 74 78 47 50 62 74 15
86 99 53 46 77 14 8 6 31 83
28 39 76 69 69 40 45 81 49 10
18 40 67 28 97 69 12 4 7 34
95 79 78 82 97 39 29 57 56 70
54 47 36 22 77 91 97 88 42 41
8 51 9 43 75 64 17 11 14 19
58 74 25 78 93 47 32 86 26 67
71 88 27 64 89 25 44 82 67 34
63 95 36 45 8 74 9 27 5 32
