50 10
69 83 42 67 68 56 83 74 99 87
72 3 4 33 72 72 18 63 75 31
67 84 45 8 89 14 12 13 79 41
41 73 53 6 7 30 50 46 8 55
64 73 15 17 23 70 8 80 74 67
22 91 94 19 28 21 38 8 95 34
28 76 58 95 83 81 2 72 2 24
43 13 38 82 57 51 4 53 83 56
89 28 16 63 17 6 41 75 98 28
12 4 55 2 60 2 57 37 38 91
50 57 1 23 52 22 28 18 44 22
82 10 28 8 49 66 37 44 87 71
93 10 34 8 77 89 96 63 36 14
82 24 14 28 83 91 47 86 49 66
27 29 5 19 39 56 63 64 50 59
42 42 15 1 23 16 81 9 58 41
30 87 82 17 66 60 84 81 97 12
24 75 35 80 25 59 11 2 61 54
84 24 20 65 35 17 64 74 55 35
40 72 71 21 45 53 65 15 73 23
54 95 97 16 48 26 77 95 12 29
66 97 13 91 34 57 40 64 51 71
80 11 64 11 88 57 33 59 89 37
21 8 51 79 8 71 32 25 45 19
43 78 46 40 45 62 36 27 28 84
97 33 26 67 19 82 59 35 30 85
99 71 98 35 26 64 3 32 77 65
72 93 82 78 58 86 96 67 1 91
30 38 62 70 38 35 43 78 70 92
53 18 45 52 55 87 47 97 35 84
55 36 27 14 40 30 87 43 64 95
85 33 43 97 80 32 26 13 90 83
79 37 78 91 90 98 28 81 29 65
23 95 76 97 30 85 71 21 4 73
52 59 57 29 70 13 19 48 17 76
71 2 36 85 43 16 76 63 27 68
77 54 84 57 72 61 11 41 89 70
31 78 16 45 79 97 82 43 36 5
10 60 27 16 35 40 47 34 99 33
51 71 13 34 52 74 70 94 72 2
56 66 50 8 65 70 60 60 98 44
25 15 70 86 41 36 51 95 11 49
83 26 9 64 67 87 87 47 32 90
16 66 36 15 38 15 27 1 69 27
75 19 86 90 90 55 59 72 4 79
94 54 55 89 81 52 52 45 95 67
96 55 48 43 78 1 98 6 42 23
80 34 60 35 87 97 87 12 44 26
96 34 7 9 1 32 98 5 35 48
30 42 9 44 55 70 51 60 59 29
