50 10
7 51 83 98 36 93 42 9 6 29
90 4 61 87 66 37 90 81 41 78
90 54 12 77 83 63 47 6 12 38
70 15 89 24 84 24 38 75 50 49
56 12 29 13 89 13 27 22 32 33
61 2 5 70 86 65 6 42 10 90
89 83 14 93 71 6 48 59 56 41
8 44 14 9 2 95 6 46 4 64
23 26 34 8 29 25 62 10 61 23
26 20 18 40 33 86 93 36 43 20
84 89 15 97 22 11 94 8 31 31
14 17 48 12 94 56 53 68 30 38
69 81 79 2 15 12 70 96 36 46
30 55 69 80 36 54 97 18 16 47
76 30 80 5 85 5 58 77 94 47
41 5 91 72 48 38 38 12 61 45
29 75 69 97 61 45 32 60 48 11
8 60 90 22 86 21 29 86 74 57
95 51 83 74 82 34 82 27 10 69
44 64 91 47 73 81 38 38 42 45
99 66 49 90 34 21 35 1 23 72
9 21 96 47 24 79 64 60 90 87
9 49 86 54 96 32 78 40 85 66
60 99 83 41 14 3 70 61 10 80
43 27 18 44 57 89 83 52 92 80
20 96 38 60 68 23 31 77 39 36
6 60 79 98 70 97 26 95 21 29
32 36 3 10 96 37 88 78 61 28
39 4 86 54 3 82 39 67 58 83
49 86 4 84 68 25 34 49 28 20
8 22 20 47 24 27 44 52 41 6
16 31 90 80 2 13 67 21 59 31
12 41 35 39 48 98 94 53 23 64
37 65 44 14 16 69 27 81 7 46
9 36 23 25 62 62 63 88 24 28
53 90 59 38 10 64 74 32 78 5
10 54 82 61 46 45 40 47 58 82
22 21 91 47 42 64 29 84 14 65
70 79 6 32 50 51 75 62 43 89
68 1 5 8 84 36 90 57 96 69
32 32 95 49 72 7 13 41 39 70
19 54 5 19 20 11 66 11 1 75
34 28 69 84 44 16 87 8 48 85
87 91 1 6 96 57 85 18 85 2
3 92 83 29 81 9 85 68 47 59
75 9 79 32 19 4 39 5 85 77
8 50 93 85 14 40 87 96 95 8
7 94 83 23 94 1 3 66 69 54
72 10 18 46 46 97 86 62 41 55
11 61 36 85 91 2 88 57 66 67
