50 10
26 62 87 79 43 36 17 80 41 48
56 33 92 35 52 81 73 61 74 31
86 43 41 30 57 70 85 33 23 26
9 95 82 36 24 20 92 12 61 44
69 14 66 35 53 10 27 74 17 59
13 4 33 77 46 90 80 44 50 77
62 95 6 31 51 14 91 88 84 27
97 61 62 14 93 2 57 92 86 64
76 5 26 78 22 76 52 89 21 29
83 21 39 59 30 76 72 60 61 76
83 54 12 81 9 90 59 36 9 44
79 56 10 56 7 41 88 25 2 31
80 41 88 62 1 13 13 28 40 26
43 41 55 80 8 28 93 26 76 4
89 98 84 2 90 50 12 26 22 63
16 28 76 34 30 24 45 74 23 68
60 98 14 16 62 31 88 7 9 17
28 13 39 34 20 68 77 36 99 94
59 99 17 28 71 32 92 25 50 77
67 22 82 62 24 54 14 49 80 8
71 18 15 32 3 65 25 97 19 55
33 39 94 63 19 61 48 86 17 97
58 31 82 17 59 27 40 49 15 57
70 30 10 7 63 77 16 40 59 56
22 18 96 46 4 68 21 31 59 5
93 79 41 58 10 52 80 98 40 27
60 9 52 93 65 36 72 32 82 65
12 69 9 30 60 22 53 98 86 57
6 92 56 8 28 62 83 64 25 57
54 47 43 92 16 27 60 41 36 83
47 99 12 31 94 38 15 69 91 85
61 16 45 43 29 4 75 67 94 13
58 44 82 98 1 16 70 7 42 25
56 30 61 19 16 63 60 55 19 76
51 54 91 18 89 9 84 3 67 38
63 39 21 4 23 1 16 82 86 31
31 64 86 16 56 22 43 12 88 97
33 48 71 27 37 16 49 46 44 55
62 20 21 70 59 63 28 32 36 3
57 26 36 51 8 92 60 20 6 66
77 64 74 87 77 65 63 20 85 47
99 42 75 62 66 45 44 54 21 80
66 16 33 66 3 29 6 80 93 91
30 55 17 85 19 24 98 80 78 13
79 12 9 62 24 77 82 22 42 88
39 26 92 51 8 98 36 21 66 42
23 34 26 28 11 64 44 93 32 87
81 14 70 50 44 95 35 80 76 26
78 3 34 33 54 84 22 79 48 74
82 20 99 15 83 55 35 73 89 65
