50 10
92 48 39 98 42 53 44 68 80 50
2 17 8 28 91 2 94 30 16 23
89 2 74 89 61 93 70 77 28 54
39 31 4 78 61 64 56 40 40 21
70 18 68 1 90 75 49 91 77 70
74 60 13 93 91 24 5 18 56 47
78 13 18 66 33 34 89 40 30 73
62 30 68 92 2 40 82 97 27 4
25 77 9 48 69 43 5 88 51 29
14 1 9 53 70 32 84 41 14 76
66 76 38 45 7 96 23 1 38 6
21 46 47 93 9 88 20 42 14 33
61 98 54 78 76 23 57 7 42 74
86 15 94 57 88 19 48 65 97 54
51 5 96 99 82 47 13 14 63 67
2 89 84 8 33 49 39 3 66 13
35 81 30 98 1 34 32 16 33 91
9 35 31 71 44 63 5 89 26 69
28 82 94 71 56 27 25 77 57 60
12 75 85 45 76 50 93 39 69 84
25 90 33 13 44 81 68 54 40 32
56 25 59 60 40 76 1 44 9 21
46 63 96 40 15 77 48 66 70 23
70 20 72 54 31 64 78 40 80 69
40 18 43 59 13 19 21 77 70 65
15 57 36 55 39 36 50 25 12 34
40 3 24 62 23 38 4 70 47 38
79 2 69 70 51 52 93 89 13 68
72 97 31 35 53 75 77 51 27 89
74 55 96 34 38 78 97 34 30 47
46 33 30 31 42 11 40 37 81 29
28 93 55 89 98 99 99 86 31 49
83 46 70 31 60 33 69 31 81 68
29 69 91 14 16 82 79 56 67 41
5 80 51 73 53 30 91 29 9 82
24 7 55 12 71 76 43 26 65 72
18 75 99 34 23 93 40 41 16 12
80 91 2 48 79 66 13 88 55 30
51 72 71 80 46 32 89 93 34 52
70 7 97 75 32 31 52 76 79 66
91 11 87 45 47 4 58 40 98 38
93 54 63 93 26 26 37 16 76 14
96 66 66 93 28 68 61 73 65 18
28 54 22 98 56 43 84 60 50 48
94 56 9 96 71 90 14 77 6 91
55 26 81 33 95 45 41 17 58 7
13 63 42 95 66 97 13 61 39 37
96 42 50 48 33 77 35 90 75 91
25 66 5 96 52 96 72 17 18 65
7 82 19 68 94 22 38 77 21 61
