50 10
22 37 4 88 24 65 82 79 58 36
36 40 66 9 18 12 68 57 46 61
21 99 90 98 4 64 29 76 51 36
34 30 35 69 16 97 89 89 31 54
46 18 14 71 9 31 3 7 20 92
74 68 7 49 71 74 97 15 38 32
93 26 70 85 79 23 7 18 79 18
13 84 31 76 13 34 89 47 74 54
74 42 61 87 30 49 26 53 80 52
67 36 9 89 33 32 58 43 32 47
76 13 81 99 33 89 15 55 85 49
73 57 86 25 94 77 48 8 94 23
76 35 87 7 78 54 77 31 32 5
60 92 7 29 97 96 11 11 57 51
27 85 2 88 20 3 84 46 52 72
54 18 94 1 84 76 3 5 60 68
18 60 57 38 26 94 29 59 47 57
82 32 32 19 15 79 53 71 52 46
33 61 27 13 28 9 36 60 30 5
86 26 38 72 11 88 91 89 85 58
82 93 57 49 50 50 3 10 43 92
45 14 12 62 70 68 83 11 10 40
92 55 55 71 38 91 54 52 8 79
47 38 14 94 30 21 44 77 38 43
40 16 28 28 15 25 48 52 49 14
37 20 11 77 53 47 96 99 84 44
15 58 56 30 3 37 39 52 64 74
67 94 7 53 94 42 89 10 48 37
16 74 35 69 89 64 25 77 45 32
96 34 26 84 14 29 9 1 65 92
89 5 30 55 51 81 89 76 27 2
11 97 29 88 53 27 11 71 30 19
28 21 47 87 98 3 99 71 69 85
71 21 50 61 89 33 70 47 7 89
62 51 43 70 28 46 69 95 39 53
74 97 80 50 71 19 37 88 83 26
29 15 85 62 78 8 65 1 65 39
87 66 77 47 31 42 10 54 84 11
31 71 86 55 50 98 49 17 66 87
18 51 70 65 56 58 3 66 84 58
2 1 9 82 10 6 49 70 92 91
65 77 71 51 47 31 85 82 87 52
21 41 39 97 67 71 95 91 28 21
69 85 45 49 27 53 88 91 37 12
57 80 71 47 73 30 75 18 48 14
17 74 27 65 65 71 3 8 61 89
36 85 2 73 39 56 87 40 25 99
83 48 51 36 82 91 82 78 26 48
72 69 60 26 56 31 3 80 40 65
38 57 72 76 18 99 2 25 47 37
