50 10
70 84 16 64 77 44 42 38 64 93
77 42 14 59 66 62 58 43 22 20
66 90 90 36 77 86 22 25 26 31
24 21 29 34 77 45 93 95 20 99
37 76 38 15 62 48 55 37 91 49
81 2 93 39 6 93 66 91 72 89
17 1 64 70 2 70 13 82 76 42
30 52 58 64 76 59 35 26 3 90
11 32 91 50 97 27 88 16 74 79
67 4 15 17 29 81 44 25 58 73
2 93 31 96 12 50 63 73 14 95
44 18 91 82 93 10 64 98 24 95
76 65 79 63 39 32 49 36 80 78
64 51 68 54 89 64 84 83 69 2
14 51 99 39 75 99 90 15 21 62
77 54 23 77 1 56 47 59 24 86
49 81 14 76 23 55 43 91 75 16
50 58 40 22 40 45 97 94 41 29
63 72 53 2 95 16 87 53 69 47
70 23 20 3 8 83 11 18 62 60
1 14 69 66 66 94 76 45 53 26
12 9 53 57 86 93 61 56 48 24
22 2 65 72 34 29 92 16 75 86
87 5 89 94 78 51 12 25 50 5
22 16 65 29 24 20 14 73 91 40
12 85 53 30 21 16 87 8 56 49
54 50 24 79 41 43 29 34 57 72
8 68 26 27 95 84 22 22 47 56
68 64 4 83 55 43 7 46 7 40
1 74 23 25 81 68 8 62 82 49
65 19 55 89 71 86 9 10 30 16
71 68 67 23 35 71 96 76 59 57
66 64 60 88 10 36 69 89 17 47
87 26 15 15 61 31 65 68 11 5
58 29 62 90 51 90 21 13 83 27
17 93 31 24 98 39 45 10 89 53
78 61 71 80 77 96 24 28 42 88
87 37 67 32 57 27 69 34 9 34
28 51 60 33 20 56 24 68 75 15
38 86 33 60 30 10 22 93 69 72
6 66 63 17 65 67 70 57 63 80
18 4 95 96 63 38 90 30 1 33
36 96 76 88 97 53 49 48 17 99
52 47 28 18 15 55 31 44 62 29
54 52 91 97 69 55 13 30 34 4
43 92 1 96 75 96 46 73 6 3
44 37 48 34 50 19 73 37 83 69
78 60 32 21 37 22 86 19 39 21
1 34 48 65 26 38 49 28 25 67
45 25 89 62 60 51 68 32 95 25
