50 10
67 66 64 4 79 32 91 38 16 57
39 76 27 39 43 81 30 62 4 90
36 18 46 78 39 30 64 4 17 16
44 52 44 3 6 96 40 5 1 23
42 44 8 17 75 46 12 67 39 18
78 33 81 56 8 49 78 3 20 50
44 58 47 70 44 53 45 61 79 85
32 58 28 21 9 95 75 75 39 89
81 24 40 11 63 1 78 48 45 75
52 84 66 79 99 89 98 10 57 92
75 53 61 13 33 36 68 90 80 5
98 93 99 70 40 3 80 7 54 97
19 69 88 14 16 73 19 17 43 71
93 54 57 47 14 7 40 29 13 3
40 89 89 12 14 19 90 23 46 66
68 67 98 62 81 37 51 79 37 15
87 78 48 73 20 43 64 70 88 45
42 58 21 15 4 55 13 31 86 27
69 89 95 2 86 90 40 89 71 36
76 43 93 10 41 75 82 28 9 89
89 27 56 75 69 9 35 72 72 69
80 4 76 52 66 8 1 17 89 80
77 6 9 70 41 4 98 57 10 91
22 11 53 5 71 84 81 53 5 20
35 94 97 69 86 8 32 90 48 65
17 95 80 87 68 47 69 8 30 38
74 29 26 12 32 3 60 46 87 45
7 13 52 2 17 41 16 95 41 11
36 26 59 61 74 22 67 12 94 62
19 2 37 24 77 24 58 52 51 23
75 83 20 37 36 42 45 28 7 30
8 26 83 96 32 65 17 77 18 36
73 73 70 86 73 32 63 26 83 68
48 48 4 49 12 21 11 53 22 60
66 66 55 55 44 36 74 99 34 70
8 47 73 22 1 27 39 39 58 24
83 53 81 1 12 20 6 55 6 45
66 82 54 63 38 7 46 33 63 5
65 85 73 42 33 37 29 21 28 84
70 1 82 19 14 20 89 61 57 63
80 80 93 39 37 54 62 74 75 67
96 3 85 12 83 2 66 98 85 25
61 30 1 95 32 38 95 37 81 35
74 83 35 97 28 8 46 65 53 98
3 62 78 52 5 90 57 32 80 16
81 5 38 98 72 1 75 59 55 50
1 35 1 71 60 38 42 40 91 45
81 97 84 58 13 35 21 52 55 83
78 72 18 80 31 44 2 64 23 19
70 50 26 65 63 34 51 29 87 9
