50 10
61 96 92 17 34 81 70 6 94 45
29 47 65 22 44 64 71 75 97 30
23 67 38 97 88 33 15 51 36 5
85 97 83 39 99 80 10 97 67 98
48 27 55 85 32 21 38 95 41 80
42 62 58 9 43 23 27 33 69 56
76 4 3 23 99 84 99 54 41 86
52 77 54 94 33 54 81 13 66 89
71 31 56 79 99 45 13 85 10 95
57 27 26 12 25 7 65 12 44 32
53 19 7 99 91 90 37 41 20 30
55 99 11 79 79 78 3 95 16 15
84 30 86 69 47 94 99 34 4 11
66 84 52 85 8 73 7 2 34 82
29 65 54 16 77 48 67 19 40 96
12 94 65 37 39 65 58 97 66 67
18 61 10 95 53 26 64 84 84 37
1 5 59 91 19 2 47 33 68 36
38 30 46 81 89 86 32 97 97 66
90 94 32 75 31 94 34 66 37 1
57 32 89 84 96 39 81 41 44 1
20 10 53 25 54 73 3 37 92 15
65 37 63 12 72 36 33 18 5 10
59 84 74 76 45 36 81 58 77 41
50 34 89 62 47 21 16 39 19 83
32 80 64 3 57 24 25 3 93 49
31 41 95 75 81 85 92 82 85 61
36 19 67 16 25 15 23 27 76 88
8 75 98 28 93 29 77 1 55 59
51 65 12 77 63 9 76 22 71 46
25 38 51 80 63 20 25 53 40 63
80 14 31 46 52 54 15 22 3 44
80 14 74 86 35 5 42 2 90 32
41 95 16 55 38 37 63 85 7 60
27 61 34 84 12 37 81 50 96 94
51 59 76 48 92 8 44 99 36 14
49 58 70 19 12 3 63 76 49 26
62 47 48 51 20 15 69 64 35 80
91 86 43 95 99 81 16 22 24 14
19 95 70 24 93 81 3 72 99 12
13 60 57 45 3 95 75 42 36 90
74 37 96 19 35 90 94 94 80 86
46 76 8 80 62 8 98 24 46 83
16 5 55 53 75 76 59 30 79 1
72 92 87 53 80 60 42 4 39 21
6 48 57 6 82 47 46 44 87 56
18 89 68 43 6 57 1 28 14 66
37 73 31 15 84 43 73 66 61 81
99 67 7 20 60 26 40 32 32 61
69 68 82 81 16 92 94 54 45 53
