50 10
28 12 44 38 53 70 47 98 76 75
71 21 77 11 44 35 19 17 48 77
89 87 94 83 46 8 26 51 49 27
58 2 5 61 20 46 12 34 54 67
19 13 48 84 59 12 38 74 49 67
12 24 85 71 27 5 44 61 18 51
26 89 25 21 7 33 60 96 89 62
87 13 81 11 5 86 79 52 17 68
63 9 55 96 95 97 69 45 89 38
49 52 6 44 72 37 31 21 42 48
6 19 96 95 29 44 80 47 47 90
50 61 93 93 66 54 85 56 4 73
79 44 85 34 32 4 31 58 95 82
19 83 26 67 86 66 4 5 39 91
24 15 50 52 62 4 82 5 28 63
20 53 64 85 94 13 81 25 6 15
62 97 18 20 16 91 35 19 26 19
74 61 38 41 40 39 42 6 61 86
65 70 9 60 15 13 22 89 97 21
15 83 58 82 83 78 5 21 91 22
88 99 52 41 85 27 15 82 12 41
18 82 68 64 88 32 87 77 63 51
15 66 6 49 24 23 21 87 41 60
36 62 78 48 78 92 84 56 96 27
93 42 21 15 61 88 90 14 22 24
34 33 22 76 65 55 20 93 45 83
12 78 78 49 70 43 86 33 16 15
63 11 43 76 25 35 62 36 40 94
93 78 98 98 77 37 63 74 74 52
95 66 4 36 61 84 34 17 67 50
23 83 40 41 68 51 5 85 43 11
48 16 11 78 15 30 77 10 24 20
21 59 58 53 76 37 85 76 77 86
68 44 40 28 98 11 29 23 67 82
85 78 78 80 55 53 95 82 38 78
20 54 77 77 30 67 19 54 42 3
67 40 11 8 39 83 27 90 66 37
5 67 73 18 61 64 45 41 26 62
39 32 32 93 11 91 9 86 23 25
33 56 20 99 48 75 90 44 83 88
98 47 64 27 74 32 8 8 9 87
38 65 70 53 7 17 68 23 34 12
13 7 45 54 37 78 71 77 95 16
31 19 11 45 16 19 23 94 69 77
62 40 55 91 99 62 59 87 27 21
7 79 80 8 33 28 88 86 86 23
32 20 54 41 59 19 60 99 39 69
57 24 65 11 40 69 43 34 94 49
35 59 30 22 72 66 37 59 8 82
31 76 26 69 17 83 80 8 19 67
