20 5
2 66 0 72 3 86 1 69 4 34
1 33 4 74 0 40 3 43 2 34
3 1 1 91 4 90 2 13 0 58
1 37 2 62 3 93 4 82 0 94
0 84 2 93 4 67 1 10 3 54
3 47 2 35 0 63 4 42 1 61
1 41 2 38 4 28 3 65 0 38
1 82 4 87 0 80 2 26 3 28
4 7 1 98 3 45 0 32 2 78
4 77 2 29 0 72 3 7 1 18
3 41 4 79 2 83 0 38 1 2
3 14 1 80 4 83 0 99 2 43
2 60 0 38 1 89 4 75 3 3
1 55 2 73 0 33 3 71 4 91
3 75 4 36 0 22 2 42 1 13
2 53 0 95 4 83 3 50 1 35
0 87 2 49 3 52 1 58 4 88
3 27 0 21 1 24 4 94 2 62
0 46 4 54 2 16 1 50 3 85
4 35 2 79 0 90 1 74 3 16
