20 5
3 50 2 17 0 21 1 98 4 71
0 1 2 41 4 46 3 1 1 22
4 36 2 78 0 23 3 85 1 80
4 86 3 14 1 88 0 92 2 22
3 71 4 38 2 94 1 73 0 8
2 87 0 42 3 61 1 31 4 81
3 59 4 16 1 39 2 9 0 93
4 83 1 33 2 37 0 64 3 58
4 42 3 22 0 31 1 16 2 21
4 67 0 80 3 39 1 51 2 14
4 81 2 83 3 93 0 81 1 76
4 84 0 78 3 85 1 90 2 42
3 30 2 73 0 52 1 2 4 57
2 64 0 39 1 59 4 66 3 59
1 95 0 75 4 17 2 48 3 21
0 10 4 60 2 89 3 30 1 43
1 74 2 79 3 16 4 38 0 45
2 19 4 99 3 89 0 10 1 84
3 84 2 22 4 26 1 66 0 70
0 64 3 28 4 58 1 18 2 21
