50 10
4 63 8 50 9 36 6 63 2 34 3 41 1 74 0 96 5 83 7 28
1 73 7 33 5 89 6 56 3 43 8 49 4 51 9 98 2 88 0 20
6 20 9 65 7 75 1 24 0 19 3 83 4 14 5 69 8 48 2 78
1 29 2 4 4 21 6 55 5 24 9 63 0 22 7 73 3 39 8 9
2 2 5 95 3 28 6 37 1 68 7 34 0 47 9 57 4 74 8 6
4 99 8 26 3 13 2 13 5 66 0 56 9 22 7 31 6 25 1 78
3 69 5 79 7 97 0 46 9 62 1 69 8 25 4 29 6 5 2 95
6 65 8 44 5 87 4 36 9 34 1 76 0 40 2 40 7 69 3 10
1 64 4 85 9 13 3 93 0 9 8 24 6 16 2 14 7 43 5 15
9 16 4 69 6 52 3 53 0 27 1 28 7 79 2 76 8 7 5 58
9 84 5 56 8 78 6 99 0 23 2 20 1 67 4 35 3 92 7 78
3 23 6 82 0 86 9 66 1 44 5 58 4 19 7 58 8 34 2 71
9 4 5 56 3 97 4 63 1 45 6 41 2 11 8 87 0 94 7 10
1 45 8 10 4 99 6 18 9 30 0 53 5 49 7 68 3 55 2 44
9 28 4 36 7 28 1 23 8 18 6 82 2 9 0 33 5 50 3 60
9 38 8 53 1 5 0 68 2 67 3 10 5 76 6 33 4 48 7 50
5 66 3 70 4 17 0 8 8 50 1 41 2 50 6 3 9 37 7 76
4 21 3 89 0 5 6 7 1 62 7 35 2 76 9 98 8 64 5 15
1 57 0 80 6 13 5 60 3 93 2 10 8 3 7 50 4 45 9 31
9 95 8 83 1 88 7 78 6 6 3 98 4 1 2 75 5 62 0 68
8 89 5 37 7 48 2 38 9 70 4 48 3 67 0 94 1 8 6 70
6 62 1 85 0 50 2 79 4 70 5 92 9 80 7 86 8 1 3 60
5 99 6 78 4 10 0 19 8 41 1 11 3 39 2 85 7 81 9 95
0 28 2 3 3 17 4 19 7 92 5 43 9 97 6 20 1 52 8 8
2 53 3 62 6 55 4 68 9 5 8 9 7 81 0 2 5 68 1 47
0 26 4 72 9 66 1 16 6 53 2 93 7 22 5 57 3 71 8 99
0 22 3 55 6 56 8 85 9 25 2 12 7 35 1 72 5 64 4 63
3 22 7 82 0 50 4 58 2 59 1 20 5 74 8 94 9 98 6 15
2 4 7 66 3 50 8 61 4 38 0 53 1 49 5 89 9 96 6 97
9 5 2 63 0 76 1 56 8 6 7 41 3 69 6 74 5 84 4 67
2 52 8 25 9 48 5 46 1 56 3 13 6 94 0 44 7 74 4 4
7 61 9 76 2 21 3 89 8 89 0 63 6 90 4 99 1 40 5 2
5 56 4 66 6 96 7 75 0 14 3 93 1 68 9 63 2 20 8 1
2 70 0 81 3 30 8 3 1 39 5 17 4 97 9 62 7 61 6 47
6 81 7 78 2 85 8 76 3 28 9 41 0 45 4 36 1 4 5 64
1 11 3 28 5 75 0 57 8 69 7 10 6 98 2 6 4 77 9 17
4 43 9 34 1 80 2 79 6 75 8 97 3 1 0 75 7 36 5 7
4 30 0 73 2 48 7 29 5 83 6 25 3 43 1 88 9 37 8 95
3 31 1 62 5 82 9 98 4 23 7 59 0 18 6 33 8 69 2 13
1 26 2 28 3 1 8 43 9 83 7 20 4 51 0 58 6 65 5 3
8 57 2 65 4 13 5 37 1 36 0 61 3 12 7 2 6 74 9 96
4 17 7 10 6 6 3 46 5 87 8 7 9 84 2 26 0 14 1 82
8 75 1 74 5 3 4 49 7 62 2 57 9 5 0 52 6 14 3 39
2 45 5 75 9 70 8 58 3 52 7 25 6 71 4 68 0 9 1 13
5 88 6 55 0 87 2 78 3 29 4 32 7 15 1 6 8 59 9 65
5 84 6 94 4 75 0 21 8 10 9 91 7 64 2 44 3 37 1 26
3 67 0 66 1 39 8 80 9 21 5 24 4 66 2 99 7 15 6 43
0 13 6 41 7 42 8 57 9 57 1 71 5 84 2 51 3 83 4 53
1 34 2 95 4 36 6 70 5 35 0 29 7 44 9 11 8 23 3 74
8 32 5 79 2 83 3 51 9 79 6 33 4 30 0 86 7 3 1 13
