50 10
6 18 4 51 5 13 9 28 7 4 2 90 0 31 3 59 1 63 8 18
3 85 8 63 6 60 5 74 4 90 2 18 7 49 0 97 1 29 9 61
4 9 3 27 6 13 8 60 9 65 7 61 1 27 2 50 0 78 5 38
7 37 0 98 5 87 1 66 3 93 6 52 8 30 2 18 4 72 9 86
3 62 7 7 9 64 2 71 1 23 8 10 5 13 6 40 0 75 4 71
6 94 4 40 5 87 8 98 1 26 9 19 0 77 7 79 2 9 3 28
8 3 1 55 5 86 4 2 6 53 7 75 0 55 2 89 9 37 3 78
5 9 2 33 1 31 0 3 7 69 9 41 4 94 6 90 3 4 8 55
4 51 2 44 7 4 3 91 9 24 6 89 1 68 0 89 8 3 5 91
8 14 3 94 9 65 0 30 7 35 5 23 1 28 6 7 4 15 2 8
4 97 8 25 2 1 0 87 6 58 7 27 1 43 5 70 3 7 9 23
6 36 2 90 5 77 8 44 3 2 7 27 4 91 9 93 1 54 0 51
8 17 3 91 6 54 4 7 0 25 5 53 9 30 7 73 2 27 1 51
1 84 5 46 8 15 7 27 6 13 2 53 9 77 3 89 4 33 0 69
4 99 2 21 9 42 8 52 6 9 3 85 1 19 0 45 5 63 7 29
4 15 5 29 6 43 0 34 9 1 3 52 8 44 7 7 2 38 1 90
7 72 2 82 6 51 8 64 9 45 0 96 5 49 3 82 1 73 4 1
5 31 0 58 9 96 8 74 4 8 7 70 1 23 2 38 3 74 6 36
3 50 2 94 7 36 9 58 0 79 8 91 1 51 5 55 4 75 6 35
6 26 4 70 5 59 2 57 3 19 0 3 8 26 9 95 7 11 1 55
8 24 4 96 9 38 0 58 1 19 5 3 3 28 2 92 6 59 7 63
5 69 9 43 0 26 7 22 6 51 4 29 3 96 1 89 2 63 8 87
4 68 1 96 3 89 6 66 9 34 7 27 0 6 8 94 2 35 5 8
8 31 0 13 2 76 4 83 5 18 3 5 6 71 7 73 1 40 9 15
6 65 8 94 0 95 9 64 2 21 3 46 5 38 7 73 4 23 1 8
3 8 7 9 8 75 5 85 1 62 0 22 4 59 9 19 2 20 6 9
3 71 1 71 4 10 5 21 6 94 2 77 8 67 7 13 9 57 0 90
8 8 4 81 6 1 7 41 9 48 2 41 3 25 0 46 5 45 1 43
9 68 7 20 6 4 1 18 0 14 3 84 2 13 4 53 8 85 5 24
9 50 8 70 4 91 1 61 6 33 0 41 3 6 7 43 5 88 2 66
9 21 1 83 4 47 3 39 7 21 0 92 6 42 5 5 2 92 8 38
9 63 4 6 0 15 2 40 8 86 3 68 5 66 7 77 1 58 6 77
6 12 5 35 0 35 8 82 9 59 7 34 2 23 1 22 4 22 3 6
2 19 1 15 6 79 5 24 3 72 4 5 0 13 9 30 8 11 7 22
4 92 0 39 8 1 5 39 1 53 9 29 6 9 3 90 2 4 7 69
3 99 6 28 7 71 1 78 4 12 9 30 5 35 8 65 0 72 2 60
6 27 3 39 0 22 8 8 2 71 5 59 4 17 1 91 7 53 9 33
1 56 9 85 6 80 2 12 3 63 4 31 7 93 0 5 8 4 5 1
9 29 8 48 6 30 5 1 2 84 7 66 3 26 4 3 0 95 1 27
6 18 5 55 9 82 3 57 4 3 7 69 8 32 1 69 0 48 2 65
7 63 9 75 8 10 3 63 6 46 5 97 2 89 0 65 1 1 4 74
2 20 7 45 1 74 8 16 9 29 6 76 4 79 0 28 5 7 3 65
3 63 9 89 1 62 5 90 7 28 0 54 6 81 4 85 8 18 2 12
3 97 2 67 5 83 1 58 0 16 7 19 4 21 6 35 9 17 8 34
0 76 6 43 4 90 8 69 2 64 9 32 1 31 7 70 3 63 5 7
0 1 4 15 7 38 9 34 6 54 3 12 8 32 2 19 5 92 1 2
0 71 8 8 6 41 9 62 4 9 1 23 7 74 5 39 3 85 2 91
7 83 8 98 5 92 0 83 9 48 6 99 4 35 2 47 1 54 3 91
8 47 5 60 9 1 1 9 0 2 3 73 2 10 7 31 4 95 6 70
6 46 9 93 1 15 2 95 4 22 7 52 8 64 3 64 5 10 0 11
