50 10
48 73 65 2 18 58 23 59 62 36
16 60 90 58 30 37 30 56 90 7
74 18 41 72 57 19 7 54 24 90
38 22 82 22 77 11 61 70 31 75
29 77 58 81 26 45 16 46 1 78
89 16 16 95 54 19 77 44 25 75
16 87 67 64 41 72 17 77 41 34
65 82 41 38 58 11 21 1 20 53
14 27 31 74 50 52 59 51 6 91
28 68 20 14 94 34 35 18 17 96
43 6 19 7 68 10 20 75 59 13
6 89 89 50 89 8 99 7 11 56
9 52 96 62 34 94 42 56 39 56
92 13 15 92 33 33 46 80 64 14
49 76 47 85 52 67 24 31 93 64
29 16 66 81 85 40 66 28 87 75
99 65 62 83 36 88 64 92 7 80
22 75 91 26 55 35 11 77 65 89
75 14 7 5 38 13 30 3 85 86
25 95 52 60 56 93 8 70 60 24
14 16 47 93 41 99 45 24 57 42
58 87 13 85 59 60 43 97 5 82
10 61 31 88 20 10 95 13 88 93
37 24 6 35 59 45 3 41 22 86
48 85 37 25 56 72 76 21 17 65
51 45 16 70 36 56 54 86 79 90
70 19 34 95 26 33 73 42 16 76
88 49 18 62 10 54 73 23 19 36
44 19 72 22 21 92 29 78 61 40
41 15 97 40 82 92 38 73 33 57
44 95 18 26 3 86 29 55 53 66
19 17 57 69 64 4 27 22 57 65
75 74 19 12 60 59 42 96 36 64
49 67 2 36 59 9 79 43 80 84
91 18 57 46 44 95 35 18 10 53
82 29 28 37 5 59 24 95 24 1
76 80 63 80 61 67 52 76 52 41
26 67 6 38 6 39 79 59 11 3
23 62 13 17 55 49 99 24 42 1
89 98 43 98 21 55 66 70 14 84
38 54 42 5 37 9 23 57 7 12
74 77 23 60 82 16 61 91 85 81
3 49 30 69 9 21 4 10 72 2
75 53 46 12 55 41 42 18 62 5
42 48 95 51 5 8 38 27 53 23
19 39 93 48 99 38 57 40 90 86
41 46 29 61 88 37 99 43 5 53
4 99 91 36 56 63 14 42 8 40
15 17 64 18 77 88 86 87 41 96
24 5 51 96 54 78 19 74 64 38
