50 10
85 59 27 84 49 37 2 26 92 79
28 16 32 55 39 13 80 6 14 21
83 59 72 20 53 92 38 25 29 55
47 7 79 12 93 21 68 39 41 65
98 35 25 39 98 96 2 23 64 80
39 88 15 16 40 32 13 13 96 72
10 53 33 95 10 15 91 81 89 23
62 92 13 1 45 9 21 63 62 89
7 67 9 28 81 51 77 3 51 64
56 53 97 64 50 59 12 57 95 36
45 39 88 62 35 91 99 70 1 5
46 57 97 52 74 41 14 13 31 6
62 97 18 49 39 63 93 98 54 28
60 15 16 98 31 28 24 22 63 87
6 87 22 94 61 2 6 74 96 13
36 24 24 28 71 13 58 82 99 62
29 34 27 80 96 82 96 99 74 94
80 99 17 75 75 79 59 99 23 12
99 44 99 69 50 40 76 15 67 1
32 61 24 20 52 73 33 44 28 24
86 97 28 30 40 91 42 42 31 50
17 55 2 2 57 30 75 16 33 98
17 26 71 97 30 7 37 82 55 35
48 16 34 4 67 21 11 98 88 39
57 41 6 14 9 73 87 65 56 36
41 45 26 80 5 33 43 4 84 8
43 94 47 16 19 86 60 10 12 55
43 39 78 6 94 55 68 53 62 16
12 51 21 24 9 33 18 10 27 75
47 85 18 50 47 9 84 48 51 95
86 53 88 75 66 32 79 41 72 6
43 37 69 8 78 64 13 83 27 98
58 39 79 11 90 27 90 15 3 22
24 78 88 1 39 87 87 15 1 62
2 11 8 81 95 47 86 75 64 28
61 5 7 93 83 42 21 89 65 38
96 12 56 41 50 16 92 81 31 35
60 4 11 14 91 76 78 9 22 31
17 64 56 10 78 88 73 31 78 71
49 77 4 74 13 44 20 12 85 80
31 83 55 86 4 66 36 74 84 28
91 37 14 73 57 79 58 5 56 26
34 22 13 77 76 27 16 27 45 12
63 39 8 38 7 32 53 59 77 1
63 90 70 32 37 16 95 30 22 61
32 3 84 13 72 5 12 25 25 42
12 96 49 25 34 95 27 46 93 81
57 85 59 35 34 45 93 32 33 33
72 19 41 64 24 30 45 1 17 95
93 72 34 92 10 69 67 51 54 75
