50 10
4 49 8 12 2 2 1 89 5 35 9 14 6 32 3 99 0 45 7 13
0 8 8 42 7 21 3 7 1 15 9 53 2 60 6 52 4 67 5 10
1 44 7 79 8 47 4 36 6 22 0 88 9 42 3 6 5 92 2 3
2 52 3 67 7 26 5 56 6 13 0 2 8 74 9 8 4 32 1 6
1 96 3 44 8 24 9 86 6 40 0 27 7 30 2 29 4 59 5 81
9 12 1 68 2 69 4 16 3 12 7 7 5 54 0 62 6 64 8 21
4 21 5 72 3 57 9 92 7 11 8 65 1 15 2 14 6 64 0 72
2 39 7 20 0 79 6 73 9 85 3 9 5 90 1 39 4 67 8 77
8 46 5 71 3 2 0 8 4 89 7 31 1 95 6 18 2 88 9 2
6 32 0 19 9 1 4 45 3 91 5 93 8 20 2 30 7 53 1 21
3 59 5 28 0 68 6 41 8 88 4 25 9 26 2 39 7 35 1 32
6 16 7 37 3 25 5 64 8 4 1 59 0 12 2 25 9 19 4 2
8 42 1 94 2 48 7 72 0 69 5 49 6 81 4 84 9 1 3 42
4 75 7 98 5 77 6 59 9 51 1 61 8 20 3 66 0 36 2 81
1 72 5 52 9 63 8 12 4 6 0 42 7 71 2 78 3 79 6 50
3 87 6 2 8 31 0 97 1 69 2 18 5 66 7 34 9 14 4 6
9 45 2 81 1 58 0 34 4 5 3 76 6 47 5 2 7 68 8 87
3 35 1 90 4 8 5 49 2 17 8 54 7 73 0 26 9 34 6 82
8 27 7 51 1 74 3 59 6 85 2 69 4 77 9 51 0 44 5 34
2 5 0 39 4 73 7 47 5 85 3 25 9 13 6 21 1 46 8 10
9 68 4 76 3 25 6 70 7 15 5 10 1 70 0 13 2 52 8 38
1 72 0 3 2 90 9 80 8 61 4 83 7 54 6 79 5 20 3 76
8 83 5 14 9 13 1 3 0 78 7 7 6 86 2 90 3 81 4 58
8 25 3 19 6 87 5 43 2 65 9 71 4 6 7 47 0 97 1 33
4 80 1 70 2 55 6 54 9 10 0 66 7 73 3 21 5 67 8 90
2 69 1 72 0 23 8 29 3 75 5 54 6 62 9 14 7 43 4 72
2 65 3 46 6 98 1 62 9 46 4 43 0 32 7 94 8 98 5 47
0 48 9 27 7 30 3 29 2 85 6 88 1 31 4 45 5 23 8 84
8 62 1 82 3 58 5 35 0 56 7 43 6 96 2 22 9 68 4 60
4 87 5 38 7 32 8 41 3 18 6 19 2 49 0 44 9 42 1 57
0 26 3 36 2 57 6 12 4 82 9 87 7 80 8 37 5 99 1 45
0 54 5 65 9 96 2 14 8 57 3 55 6 99 1 91 4 58 7 39
1 3 4 15 8 94 3 55 0 29 6 77 2 14 5 52 7 82 9 94
6 63 9 90 2 84 8 2 7 88 1 35 4 30 0 76 5 51 3 64
5 96 8 48 2 55 0 71 9 66 7 10 3 80 6 57 4 65 1 76
9 75 7 13 8 59 4 57 6 11 3 8 5 93 1 27 0 49 2 75
4 75 6 46 0 15 9 40 1 72 5 90 7 61 8 44 2 48 3 48
6 37 5 91 1 74 4 11 3 97 8 77 9 86 0 89 7 34 2 37
9 83 6 26 3 53 8 23 0 42 4 79 7 99 5 53 1 45 2 38
4 64 7 49 8 1 5 91 2 13 6 86 3 97 9 96 1 79 0 8
7 62 8 57 6 65 2 99 4 53 5 35 1 38 3 64 9 26 0 14
1 84 9 72 3 10 4 35 0 9 2 59 5 46 7 17 6 19 8 59
2 54 9 9 3 11 8 33 1 2 5 59 6 3 7 43 4 6 0 63
9 41 5 74 0 47 6 40 1 69 8 8 3 29 4 26 2 19 7 47
5 87 3 50 9 56 7 25 6 13 0 26 4 70 8 23 2 95 1 3
0 41 5 58 1 24 9 94 6 16 4 89 8 65 7 62 2 68 3 43
8 59 3 90 7 48 2 78 6 47 0 32 9 18 1 84 5 20 4 76
5 41 3 21 0 65 7 56 4 79 1 42 2 83 8 41 9 6 6 88
0 2 7 16 9 64 1 68 6 15 5 46 8 5 3 4 2 48 4 66
6 2 1 9 7 70 2 8 4 84 8 49 3 40 5 84 0 85 9 17
