50 10
2 93 4 2 8 23 3 96 9 68 0 67 5 27 1 88 6 2 7 37
2 75 7 61 6 23 0 95 4 71 3 88 8 91 5 45 9 48 1 69
9 98 7 52 2 4 6 90 0 10 4 2 8 67 5 25 3 81 1 50
2 27 9 89 6 64 7 28 4 76 3 94 5 85 8 91 0 72 1 82
7 5 3 78 4 98 6 60 8 51 1 5 0 76 9 53 5 63 2 84
1 94 0 66 4 76 8 42 2 79 9 76 7 65 5 63 3 3 6 53
7 15 4 42 9 72 6 73 8 35 2 63 1 54 0 21 5 79 3 12
9 37 6 35 0 29 1 52 2 7 5 98 4 28 7 61 8 88 3 71
4 75 7 66 1 86 0 31 2 1 9 42 3 91 5 38 6 23 8 87
2 32 4 42 5 37 8 99 9 48 6 41 7 34 1 92 0 33 3 40
6 3 0 43 3 24 9 97 7 74 2 87 8 83 1 68 4 71 5 46
7 16 8 21 4 48 6 30 3 81 1 99 5 49 2 63 9 82 0 31
6 24 7 72 5 46 8 69 2 16 4 98 1 4 9 99 3 55 0 15
7 85 2 35 0 15 4 52 9 46 8 2 5 91 3 10 6 81 1 78
8 16 2 26 1 68 7 81 0 48 6 59 3 30 9 75 4 79 5 30
7 66 2 50 8 20 9 65 3 9 6 50 0 72 4 82 1 41 5 62
3 8 1 49 6 54 4 17 8 99 7 8 2 83 9 14 0 35 5 21
3 31 0 58 6 75 7 23 5 18 1 41 8 63 4 87 9 80 2 16
8 16 2 41 7 96 1 39 3 30 0 33 4 56 9 95 6 32 5 88
7 97 8 29 1 36 9 78 3 19 0 74 5 12 2 45 6 63 4 96
6 58 1 21 2 5 7 54 4 91 8 81 5 33 3 25 9 88 0 88
1 10 4 25 9 74 7 91 8 55 0 91 6 81 5 69 2 59 3 38
6 29 1 64 5 18 8 94 0 31 2 16 9 89 3 43 4 65 7 44
2 21 3 33 1 90 7 57 0 11 6 40 4 98 5 75 9 47 8 43
4 86 2 77 8 91 3 5 9 82 0 24 6 49 7 78 1 66 5 5
0 52 2 98 5 72 3 12 1 24 4 39 9 54 8 14 6 84 7 11
2 5 9 23 3 83 5 86 4 37 6 5 8 86 7 48 1 84 0 57
3 49 6 17 0 86 5 47 4 13 2 27 9 80 7 33 8 81 1 28
5 50 4 30 2 36 7 49 1 16 8 80 0 44 9 36 6 59 3 8
8 29 1 19 4 58 0 13 5 17 7 55 2 85 3 6 9 90 6 67
1 94 4 1 3 58 5 87 6 97 7 5 0 73 2 34 9 52 8 44
0 26 9 51 7 9 1 23 6 39 8 95 2 31 5 34 4 59 3 23
4 74 8 18 3 34 5 72 0 21 2 45 7 9 6 28 1 75 9 13
5 91 3 44 6 97 7 94 0 87 2 85 4 10 9 11 8 50 1 70
6 9 2 74 1 6 4 55 8 19 5 83 3 6 9 33 7 75 0 7
7 80 8 52 4 50 2 78 0 7 5 5 3 43 9 66 1 4 6 19
2 92 5 53 4 51 8 54 7 54 6 24 9 56 0 37 3 13 1 13
1 41 7 25 8 20 4 85 5 10 3 96 9 15 0 96 6 37 2 20
5 45 8 24 1 41 3 76 4 21 0 73 2 81 6 94 9 94 7 75
0 6 2 87 9 79 3 4 6 48 5 93 8 77 1 24 7 98 4 16
0 78 8 42 6 21 2 12 4 22 9 25 7 44 3 56 5 82 1 95
0 8 8 27 9 34 2 41 1 29 6 75 7 65 3 99 4 13 5 40
1 54 2 79 9 1 7 10 5 74 8 16 4 93 3 98 0 34 6 8
5 60 1 40 9 21 2 22 0 22 4 13 7 56 8 42 6 91 3 92
4 72 1 6 7 97 6 10 0 51 5 93 9 47 2 47 3 37 8 60
1 74 4 63 2 10 0 3 3 18 5 41 6 98 7 98 8 20 9 60
5 99 1 28 4 72 6 62 8 21 7 19 0 20 9 91 3 6 2 57
0 5 1 72 5 78 3 37 9 47 7 11 2 49 4 24 8 69 6 73
9 86 8 14 3 35 5 94 2 31 4 3 7 44 0 55 6 55 1 51
6 61 1 11 9 63 3 8 8 27 5 62 2 5 7 50 0 54 4 93
