50 10
1 29 9 86 6 1 4 33 2 74 3 20 5 26 7 97 0 55 8 9
1 44 3 74 9 28 0 59 7 13 5 62 8 39 6 27 4 6 2 98
9 66 2 29 8 72 3 53 0 27 6 46 4 12 1 32 5 84 7 56
5 50 3 31 2 86 1 52 6 15 8 99 0 97 7 5 9 19 4 4
1 69 5 81 8 7 0 45 9 56 6 98 7 89 3 23 4 57 2 47
5 42 7 22 1 40 0 66 3 71 4 66 6 26 8 28 9 67 2 80
1 83 0 76 2 61 9 41 4 42 3 85 6 71 8 74 5 69 7 99
6 8 5 2 2 6 3 19 8 60 1 49 7 44 0 73 9 42 4 47
8 27 2 69 9 75 7 31 4 38 5 48 1 72 0 16 3 91 6 4
2 81 0 13 4 34 8 98 6 51 1 99 5 95 9 34 3 24 7 44
7 59 5 76 2 44 0 71 1 42 4 72 8 11 3 34 6 33 9 29
6 41 8 81 7 47 9 56 3 82 1 66 0 34 2 80 4 27 5 37
4 92 6 12 8 70 7 1 5 83 0 42 9 64 3 52 2 86 1 92
4 9 6 66 8 43 2 94 0 30 1 84 9 50 3 20 5 43 7 77
2 8 1 87 0 33 6 16 9 46 5 79 4 21 3 37 8 65 7 90
8 49 7 58 3 41 9 68 1 6 4 34 5 5 2 45 6 3 0 80
9 17 2 94 6 76 4 22 1 52 8 38 3 24 7 22 0 69 5 77
5 52 4 94 2 51 0 42 8 40 3 49 6 37 9 44 1 1 7 40
0 49 7 6 8 12 2 94 3 3 5 34 1 22 4 2 9 28 6 76
2 68 7 46 9 42 0 15 8 28 6 75 4 3 5 30 1 87 3 19
3 64 9 55 6 43 7 8 0 70 4 14 1 74 5 17 8 26 2 29
6 83 5 32 8 87 2 91 7 61 4 17 0 52 9 55 3 57 1 55
3 31 7 20 5 49 4 37 8 60 2 94 9 20 6 68 1 46 0 5
2 10 0 64 4 82 6 63 9 7 1 13 5 2 3 82 8 23 7 84
4 42 3 25 6 59 7 39 9 42 8 91 1 86 5 89 0 97 2 2
7 13 4 32 9 3 2 68 3 52 6 32 8 71 0 4 5 42 1 95
5 58 7 9 6 63 0 29 9 98 4 49 1 79 2 26 3 15 8 35
4 94 6 3 8 37 9 63 2 89 5 8 7 34 1 95 0 57 3 25
6 90 2 34 8 45 9 12 5 54 7 64 4 35 3 1 1 11 0 74
4 28 6 26 5 66 9 69 0 10 8 35 1 94 3 70 7 60 2 69
5 61 0 57 7 36 2 29 6 48 4 32 1 48 8 30 9 15 3 46
8 76 2 81 5 67 9 91 7 68 3 38 1 99 6 65 4 5 0 15
6 3 7 8 8 62 1 64 4 62 5 11 3 13 2 61 0 98 9 39
9 13 8 27 4 46 0 58 5 28 7 20 1 92 6 3 2 44 3 31
2 52 6 1 3 33 5 51 1 42 9 18 7 52 4 12 8 87 0 37
4 48 1 40 8 37 6 62 5 3 9 86 3 38 2 39 7 32 0 95
3 20 2 58 9 21 1 57 4 43 6 41 0 89 5 88 8 82 7 64
1 83 9 68 8 70 5 56 3 46 6 48 7 59 2 90 4 44 0 64
0 53 1 15 6 68 3 25 9 71 2 32 8 53 4 70 5 82 7 33
4 42 1 51 8 7 2 6 9 18 0 37 7 76 3 42 6 31 5 90
6 87 4 73 3 83 9 95 8 20 7 92 1 23 5 80 0 45 2 3
6 38 4 28 1 39 8 92 3 6 0 29 2 44 9 68 7 58 5 91
0 1 2 49 7 37 6 69 1 26 5 45 4 33 9 27 3 28 8 80
8 73 2 37 1 47 5 88 4 88 0 68 3 98 9 64 7 38 6 46
6 79 2 58 0 63 4 5 1 79 9 80 5 20 3 90 8 31 7 74
8 36 3 73 5 55 9 5 4 17 2 81 6 16 1 43 0 95 7 98
6 68 1 62 3 53 7 96 2 68 8 68 4 64 0 46 5 47 9 42
1 19 7 13 3 73 4 14 0 31 6 51 9 35 8 49 2 41 5 90
5 12 0 78 6 84 8 77 4 92 1 39 7 11 2 56 3 29 9 23
4 67 3 14 2 60 8 3 5 90 0 17 7 77 9 12 6 58 1 48
