50 10
3 78 5 66 1 94 2 24 8 21 6 29 9 33 0 42 4 40 7 72
4 38 1 6 6 86 0 95 2 64 5 38 8 77 9 60 3 28 7 4
2 43 9 59 7 18 8 41 1 71 0 25 3 93 6 20 4 87 5 33
7 40 0 74 5 67 2 21 3 7 4 49 6 98 8 73 9 85 1 71
3 95 2 66 5 92 9 87 0 97 8 43 7 80 4 82 1 66 6 64
7 95 0 61 4 41 6 88 8 55 1 41 5 6 2 74 9 63 3 46
2 42 6 20 7 78 3 13 0 31 9 53 4 41 1 39 8 92 5 63
4 19 5 60 8 85 7 82 9 37 6 58 1 61 2 9 3 95 0 31
1 83 7 47 0 26 2 39 3 38 5 85 8 23 4 49 6 21 9 14
3 75 4 27 5 68 0 82 6 85 2 66 8 56 7 12 1 11 9 68
7 39 5 69 3 40 0 43 2 11 6 9 8 1 1 44 4 61 9 50
0 54 4 82 5 8 2 38 8 15 7 56 3 40 6 26 9 61 1 96
8 5 0 62 3 94 7 15 5 33 6 40 9 58 1 61 4 34 2 12
8 7 9 12 5 21 6 94 0 34 1 82 2 15 4 25 3 89 7 45
5 1 0 43 6 52 3 87 4 3 7 30 9 96 1 37 8 25 2 83
4 44 7 83 0 90 6 19 1 67 8 63 3 77 9 4 5 48 2 54
2 33 3 27 1 80 7 82 0 58 6 75 4 62 8 17 5 54 9 79
9 78 5 27 6 27 8 79 3 87 0 1 4 19 1 28 7 91 2 64
9 68 0 42 6 51 3 48 7 88 4 21 5 95 8 15 2 74 1 79
9 66 3 89 0 31 6 32 7 78 8 15 2 95 1 40 4 16 5 53
7 43 3 13 0 54 4 38 9 43 1 68 8 97 6 78 5 10 2 51
6 96 2 38 8 8 9 72 0 19 4 51 3 86 5 66 1 68 7 57
6 49 5 25 7 65 3 56 0 36 1 62 9 33 4 20 8 57 2 60
5 32 1 9 0 70 6 65 9 83 2 2 4 20 3 89 8 31 7 42
9 30 4 34 2 74 7 84 0 61 3 47 8 59 6 48 1 97 5 65
4 41 8 80 6 5 9 16 7 83 5 45 2 27 0 32 1 68 3 96
7 58 3 6 6 9 1 54 5 2 2 64 9 1 4 71 0 5 8 52
9 15 7 80 0 69 5 96 1 48 4 54 6 34 8 76 3 37 2 43
8 51 1 80 9 34 5 14 0 16 2 90 4 8 7 47 3 48 6 13
5 48 3 27 6 78 9 9 1 92 2 38 7 4 4 11 0 59 8 14
8 41 5 8 0 76 4 59 7 43 6 42 9 2 1 45 2 79 3 2
8 3 4 70 1 6 9 26 6 93 5 25 3 79 2 25 0 65 7 94
0 35 9 39 1 17 2 47 8 2 5 20 3 30 6 17 7 50 4 88
1 29 4 91 9 47 7 48 8 16 5 21 2 57 6 78 0 39 3 66
6 45 1 33 5 41 4 82 9 89 8 50 3 51 0 2 7 81 2 70
1 62 8 72 3 47 9 52 7 64 5 11 2 33 4 21 6 48 0 48
1 77 3 98 8 87 2 43 5 22 4 52 6 27 7 23 0 15 9 18
1 88 6 68 4 49 8 33 3 89 7 33 0 92 2 46 5 73 9 60
5 8 4 4 8 36 3 52 9 3 0 11 2 3 1 65 6 60 7 72
0 28 1 7 3 96 7 42 2 7 8 47 4 3 9 79 5 99 6 36
7 10 3 21 8 49 9 64 5 48 6 52 2 95 4 91 1 84 0 4
0 2 2 92 8 45 1 15 6 33 3 46 5 30 7 98 4 28 9 5
5 2 8 43 3 80 9 67 7 89 6 25 1 29 0 36 2 61 4 49
6 39 9 1 8 8 2 23 3 65 7 54 4 88 0 39 5 20 1 86
0 28 5 33 3 84 1 1 4 72 6 48 8 49 9 40 7 58 2 17
8 91 4 10 3 37 2 36 5 91 0 39 9 71 6 11 7 32 1 36
4 77 2 29 8 74 7 24 3 64 9 54 1 15 5 15 0 89 6 30
6 53 3 95 7 90 5 1 2 55 4 69 0 35 9 20 1 57 8 99
5 81 4 88 1 59 3 94 9 68 6 76 8 99 7 80 0 43 2 3
2 27 1 70 7 80 0 14 8 19 6 20 5 30 4 53 9 99 3 55
