50 10
6 64 8 33 5 86 1 89 4 24 9 77 2 74 0 56 3 39 7 61
3 85 1 91 7 51 5 98 8 7 9 4 2 74 0 52 4 9 6 60
3 46 9 24 5 94 2 73 0 10 8 17 4 31 6 72 1 30 7 10
0 31 1 63 7 1 6 84 4 20 3 82 8 95 5 71 2 61 9 28
5 1 4 47 1 24 9 56 7 78 6 83 0 10 8 4 2 74 3 61
6 88 0 24 1 71 4 75 8 67 9 22 7 52 3 98 5 51 2 87
4 41 7 80 8 62 5 76 1 95 9 49 6 88 3 71 0 97 2 36
9 22 8 58 7 96 0 35 4 68 5 47 6 55 1 35 2 16 3 15
8 14 6 1 0 89 5 98 3 4 9 95 2 70 4 91 7 56 1 22
0 90 9 54 7 18 3 69 4 88 8 29 6 3 5 85 2 86 1 85
0 41 2 87 6 71 3 23 9 64 5 28 7 68 8 35 1 10 4 38
2 46 3 61 7 20 5 73 8 55 9 38 1 40 6 45 0 83 4 71
1 29 3 96 9 9 2 13 4 54 5 5 8 24 7 69 0 51 6 23
6 78 5 67 0 83 7 48 2 11 4 53 9 78 1 90 8 24 3 67
0 98 8 82 6 96 2 46 5 37 1 47 9 10 3 27 7 81 4 38
8 92 6 40 1 14 0 62 9 14 5 2 2 76 3 24 7 66 4 78
1 8 2 58 9 80 3 22 7 40 5 99 4 73 6 91 0 71 8 46
4 16 9 92 8 35 6 18 5 98 3 44 7 28 0 36 1 97 2 5
1 42 2 42 4 93 7 98 5 96 8 29 9 26 0 26 3 95 6 75
5 91 2 34 8 63 0 47 7 66 6 8 3 82 1 64 9 80 4 11
6 88 4 4 3 76 5 93 0 42 2 97 1 99 7 32 8 60 9 57
1 32 6 85 0 81 5 70 8 83 7 38 3 57 4 19 9 35 2 49
2 86 1 71 9 53 4 97 8 86 5 66 0 41 3 43 6 70 7 11
7 71 5 56 3 27 8 47 2 68 9 46 0 82 4 89 6 21 1 50
4 54 0 36 2 39 8 51 5 16 1 74 3 89 7 1 9 7 6 54
2 27 7 40 1 96 3 84 9 48 8 74 6 3 0 4 4 86 5 40
0 96 2 65 4 90 7 29 8 66 3 78 9 10 1 89 5 12 6 53
1 21 7 6 2 64 3 57 6 31 4 91 8 30 0 59 9 52 5 15
4 93 0 2 6 68 9 40 3 48 2 50 5 74 7 18 8 48 1 60
4 66 6 87 3 77 0 92 9 17 1 25 7 95 2 57 8 41 5 43
9 95 2 21 1 10 5 31 3 53 0 48 6 83 8 52 4 50 7 75
7 15 2 74 6 64 4 2 0 59 3 41 5 77 1 94 8 42 9 60
4 43 3 31 8 15 5 13 9 7 0 23 1 99 7 18 2 80 6 75
9 27 8 51 3 38 7 94 2 77 1 54 6 85 5 69 0 78 4 58
8 83 2 89 4 79 3 10 9 29 1 64 5 84 7 65 6 81 0 51
4 50 7 58 1 5 8 60 3 19 9 89 0 31 6 34 2 9 5 2
3 79 0 17 6 17 2 85 5 30 9 18 4 52 8 41 1 76 7 18
2 18 4 37 3 84 0 68 8 79 5 82 6 63 1 35 9 44 7 69
3 70 1 35 8 48 0 38 9 64 2 67 5 22 7 28 4 7 6 13
0 20 6 68 5 15 8 80 3 92 9 90 7 26 4 18 1 24 2 74
5 2 3 58 1 7 2 19 8 56 6 12 7 26 9 97 4 82 0 44
0 30 5 38 6 96 7 45 8 53 2 18 1 89 3 47 4 10 9 43
3 35 5 1 4 84 1 91 8 26 7 69 6 16 2 67 9 70 0 38
2 7 1 99 8 16 0 79 9 67 3 98 7 13 4 75 5 73 6 62
6 39 9 47 8 10 3 18 7 58 1 60 5 21 2 95 4 27 0 94
2 30 5 2 6 83 7 52 4 30 3 58 9 24 1 34 0 22 8 32
4 46 3 2 2 33 6 88 5 66 7 99 8 23 1 16 0 78 9 29
2 9 7 4 5 36 0 15 4 53 3 3 6 20 8 71 9 79 1 65
0 19 5 58 7 50 6 83 9 24 4 81 2 5 3 78 8 53 1 64
6 13 4 32 1 96 2 1 7 26 0 82 9 68 5 41 3 23 8 78
