50 10
6 20 9 11 7 59 3 85 5 10 4 94 2 55 8 87 0 87 1 90
1 2 5 41 6 83 3 84 0 67 8 61 2 49 9 62 4 53 7 20
3 1 5 96 7 58 0 28 4 1 8 4 9 95 6 82 1 27 2 72
2 12 5 36 3 33 7 88 6 57 4 56 8 81 9 75 0 59 1 94
1 50 5 15 8 52 4 87 7 43 9 14 6 55 0 86 3 43 2 72
5 13 0 15 7 68 1 78 6 78 9 36 3 75 8 58 4 75 2 17
2 60 8 81 6 34 5 71 4 73 9 26 1 72 7 67 3 73 0 11
9 44 1 90 3 97 0 56 5 91 4 16 8 10 6 60 7 54 2 64
5 16 3 76 4 96 0 55 9 90 1 60 6 23 7 20 8 55 2 11
3 63 5 35 6 42 7 40 9 59 8 6 4 16 2 98 1 76 0 92
7 24 6 15 1 51 3 88 0 9 8 58 9 2 4 11 2 87 5 71
0 94 3 9 4 9 9 80 6 71 7 36 2 56 1 59 5 76 8 25
3 22 1 49 7 11 4 20 6 97 9 33 2 29 8 32 0 95 5 46
7 39 3 68 4 68 1 22 5 92 2 17 9 14 6 12 0 32 8 17
3 73 8 88 2 21 0 45 4 12 9 15 7 35 1 80 5 93 6 80
4 90 8 54 9 26 2 68 5 73 7 26 6 75 1 62 3 90 0 34
6 28 2 68 1 22 9 10 5 84 0 33 7 61 3 11 8 59 4 90
4 97 7 26 9 83 5 79 0 77 6 53 2 63 8 88 3 52 1 99
5 79 3 63 6 33 7 63 8 41 1 41 9 70 2 91 0 81 4 6
6 85 4 55 2 24 0 46 1 18 9 44 5 5 8 49 3 57 7 46
9 59 8 4 6 41 2 60 7 43 0 79 4 28 1 15 5 27 3 43
4 59 9 4 1 22 2 79 5 4 0 7 6 28 8 70 7 94 3 31
2 31 5 5 3 86 7 30 1 12 9 43 4 24 8 40 0 2 6 5
5 65 0 23 4 71 9 97 6 21 2 49 3 18 7 29 1 13 8 46
3 89 5 78 7 37 6 71 2 78 8 50 1 20 9 35 4 54 0 33
4 82 9 9 5 49 8 76 1 67 7 52 2 47 6 35 3 11 0 68
5 77 1 38 8 71 2 4 3 75 9 27 0 1 4 16 7 30 6 84
6 99 0 16 8 71 2 19 3 20 4 32 1 66 7 7 9 75 5 20
0 20 4 87 1 65 5 12 7 11 6 1 2 4 9 19 8 21 3 41
1 30 8 35 0 5 5 63 4 38 9 40 2 35 3 39 6 43 7 68
3 5 7 90 8 34 9 52 1 32 0 60 5 35 2 47 6 39 4 47
3 73 5 19 8 52 4 31 1 58 6 48 9 3 0 38 7 31 2 27
0 60 6 94 9 5 5 14 2 63 7 57 3 70 8 13 1 51 4 15
9 62 5 60 1 62 0 80 3 67 6 50 8 11 7 23 2 63 4 10
2 56 7 93 4 52 6 98 1 21 0 73 5 45 3 4 8 19 9 26
4 36 5 90 2 78 8 17 7 72 6 76 0 80 3 45 1 31 9 75
2 23 8 86 1 15 9 14 7 58 3 19 4 3 6 22 0 16 5 75
8 42 1 7 0 34 6 72 9 42 5 67 4 6 2 79 7 66 3 61
6 90 4 29 3 66 1 18 8 14 0 67 5 89 7 38 9 49 2 83
9 86 0 80 7 66 3 18 4 20 5 13 2 18 8 82 1 94 6 19
6 94 5 29 3 87 8 32 4 61 2 86 0 92 1 94 9 84 7 61
3 46 2 60 4 17 0 66 6 75 5 35 7 40 1 41 8 71 9 8
8 16 5 23 6 52 7 12 0 76 1 18 9 62 4 37 3 16 2 43
2 17 4 69 5 13 3 18 0 8 7 64 1 88 8 56 6 90 9 49
5 74 0 2 8 77 7 16 3 15 2 77 6 26 4 81 1 81 9 73
3 6 4 36 5 22 7 72 1 38 0 84 8 53 6 42 9 99 2 45
9 74 3 36 6 7 4 19 2 4 5 30 8 36 0 40 7 19 1 45
8 40 4 47 2 31 3 71 6 17 1 38 7 5 5 11 9 70 0 10
1 93 8 76 5 41 2 69 0 5 7 48 9 10 3 3 4 23 6 95
2 33 6 89 3 99 4 98 5 27 1 39 7 40 9 62 8 96 0 63
