50 10
1 55 7 91 8 32 3 45 2 91 6 75 0 39 9 26 4 40 5 32
7 79 9 63 1 17 0 42 2 17 8 44 5 37 4 92 3 4 6 94
0 88 5 1 4 26 1 89 3 93 6 92 8 51 2 22 7 18 9 22
2 34 3 23 1 57 8 49 7 89 0 14 9 31 4 71 6 65 5 14
6 32 5 43 3 8 8 71 7 36 9 69 0 12 2 42 1 40 4 58
6 84 0 62 2 58 8 40 9 59 4 20 5 20 3 71 1 78 7 96
8 81 4 92 6 72 0 6 7 91 9 21 5 22 2 58 1 74 3 86
3 34 5 98 2 42 7 22 9 42 0 70 6 71 1 9 8 28 4 65
5 21 7 59 1 79 0 15 4 82 2 91 9 37 8 56 3 72 6 32
3 97 9 99 4 70 7 82 5 76 1 30 6 29 8 4 0 91 2 36
1 3 7 3 0 50 6 95 8 32 9 98 4 69 5 93 3 40 2 30
0 45 6 38 2 93 9 80 4 22 8 55 7 25 1 98 5 92 3 77
3 7 0 37 7 80 9 28 4 81 2 33 5 43 1 53 8 99 6 55
9 86 2 45 5 19 3 70 4 22 6 67 8 13 7 9 0 36 1 3
0 83 6 93 2 62 9 7 5 79 7 20 3 83 4 9 1 73 8 75
2 39 3 65 9 8 8 43 4 58 5 71 0 21 1 51 7 35 6 59
4 81 3 29 8 62 1 39 9 72 0 2 7 27 5 17 6 59 2 28
2 28 5 88 7 42 0 31 9 16 6 72 4 30 3 83 8 35 1 81
4 60 5 77 2 6 7 82 6 4 3 20 8 14 0 70 1 26 9 76
5 52 8 20 9 87 0 68 1 29 6 4 2 76 3 72 7 13 4 69
0 61 8 88 4 63 2 8 9 57 7 13 1 48 5 71 3 29 6 45
2 76 9 59 0 62 7 24 4 8 5 94 6 50 1 41 8 17 3 36
7 49 9 70 2 16 0 99 1 59 3 74 6 37 4 25 8 70 5 69
9 10 8 85 5 80 2 98 7 71 0 82 4 42 6 50 1 83 3 54
9 65 0 69 3 57 5 78 2 51 6 11 1 58 7 49 8 66 4 39
4 76 8 14 2 29 1 1 5 58 9 21 3 4 7 47 6 81 0 39
7 75 0 32 3 97 5 35 9 79 1 55 4 74 8 13 2 49 6 41
1 91 5 43 9 55 4 83 6 86 3 56 8 65 0 2 7 11 2 94
8 80 1 24 0 68 4 63 6 28 3 30 2 94 5 67 9 76 7 17
7 42 0 1 4 39 5 51 1 89 6 68 8 26 9 46 2 77 3 40
8 55 0 61 9 82 7 35 2 80 3 8 1 44 5 80 6 64 4 81
1 61 6 94 4 89 3 72 2 7 7 66 5 52 9 59 8 84 0 30
3 62 9 9 6 91 8 67 0 95 5 27 2 76 7 93 4 95 1 75
4 57 8 6 0 43 3 88 9 49 6 34 2 80 1 90 5 44 7 69
2 69 3 31 1 26 4 54 8 96 5 87 0 24 7 72 6 27 9 59
4 93 6 93 1 3 3 81 0 35 7 84 2 55 9 73 8 99 5 80
3 88 5 52 0 59 4 15 2 71 1 79 7 31 6 32 8 66 9 59
7 20 0 81 9 19 5 52 3 16 8 65 4 52 1 93 6 6 2 24
9 16 0 91 4 68 8 30 3 54 2 93 7 39 6 1 1 83 5 49
5 85 4 54 3 20 0 65 1 84 2 2 7 95 9 90 8 85 6 17
0 47 6 20 4 94 2 66 3 78 8 17 7 39 9 15 5 25 1 13
2 24 9 7 6 73 5 98 7 42 4 17 1 92 3 67 8 93 0 26
8 72 1 89 5 82 7 84 6 84 4 55 0 56 3 41 9 45 2 81
3 52 7 51 9 37 5 62 8 37 2 54 4 40 1 94 6 80 0 14
8 49 6 37 0 31 5 39 9 43 1 47 4 56 3 8 7 23 2 72
9 74 6 29 7 6 8 75 1 62 0 30 2 30 5 47 4 7 3 55
2 94 7 65 8 53 5 10 0 47 3 34 9 44 4 19 6 8 1 58
8 9 5 4 4 34 6 8 3 11 7 22 1 15 9 60 2 56 0 70
5 90 0 43 1 6 2 19 3 68 7 96 4 53 8 90 6 72 9 9
4 71 2 81 9 41 0 95 3 73 1 32 8 72 6 90 7 42 5 49
