50 10
8 4 6 56 7 92 4 7 1 68 5 94 3 4 2 10 9 65 0 97
0 20 5 7 9 29 7 87 2 67 4 4 3 48 6 65 1 9 8 39
2 18 8 80 3 83 0 99 7 38 4 12 5 5 6 68 9 6 1 59
5 35 3 86 0 58 7 21 8 60 6 47 4 97 2 10 1 63 9 35
2 30 9 83 8 36 3 70 4 20 1 58 6 54 0 97 5 5 7 47
1 6 9 40 7 66 3 51 4 40 6 45 5 49 2 64 8 84 0 1
2 54 0 2 9 23 3 7 4 47 1 51 6 92 7 75 5 68 8 80
7 4 0 77 2 18 1 10 3 37 6 38 8 13 4 48 5 38 9 24
1 71 4 73 5 20 3 73 8 10 2 58 9 87 0 80 7 42 6 2
1 12 9 44 0 88 5 26 6 4 7 48 4 77 2 58 3 54 8 74
3 99 0 73 8 45 1 84 2 99 6 49 4 64 7 29 5 11 9 86
6 68 9 23 2 60 7 28 5 47 1 76 0 87 4 86 3 46 8 63
6 66 8 51 2 48 0 69 1 98 9 97 3 20 7 94 5 12 4 80
1 59 7 31 4 83 5 73 0 21 6 63 2 85 9 74 3 98 8 58
5 53 8 35 1 98 7 23 0 72 4 44 6 52 2 45 3 38 9 12
6 11 7 76 2 28 9 17 3 82 5 60 8 98 4 23 1 88 0 64
3 8 2 59 5 33 7 49 8 63 9 71 0 55 1 72 4 37 6 10
6 53 0 8 3 52 1 3 9 56 4 98 8 53 7 91 5 81 2 37
2 99 7 84 3 80 5 18 1 12 0 48 8 86 9 85 4 9 6 38
4 97 5 83 2 36 8 66 3 63 1 94 6 77 0 32 9 89 7 44
9 50 5 27 7 69 0 23 1 46 4 8 2 23 8 13 6 35 3 89
0 58 3 14 9 53 5 38 1 29 4 38 2 46 6 94 8 38 7 99
5 24 6 82 9 38 8 43 3 47 0 50 2 53 4 82 7 15 1 76
2 32 1 82 4 40 8 52 9 16 6 71 7 40 3 59 0 60 5 12
8 79 4 2 0 4 6 47 7 78 1 81 2 40 9 92 5 65 3 99
5 70 9 54 2 37 4 72 0 86 8 51 3 61 1 60 6 9 7 77
2 53 4 22 1 80 3 36 5 31 7 59 8 77 9 33 6 93 0 84
5 70 4 27 1 46 7 9 9 46 6 45 8 85 3 6 0 95 2 12
9 21 1 39 8 9 7 42 4 57 6 65 5 72 3 22 2 47 0 36
0 77 9 4 8 51 2 53 5 85 3 89 7 68 1 11 6 95 4 80
3 90 8 9 4 22 7 2 1 93 6 58 5 78 0 30 2 88 9 78
4 99 5 38 3 53 0 60 2 14 9 57 1 79 8 21 7 9 6 91
8 68 7 67 1 14 4 58 9 39 3 20 0 78 2 23 6 78 5 40
3 35 2 55 4 72 8 15 5 9 1 85 7 15 0 84 6 45 9 20
3 16 9 68 5 42 1 51 2 63 4 51 7 51 6 7 0 29 8 25
6 21 4 13 3 38 1 41 7 15 5 73 0 61 8 17 9 90 2 43
5 36 7 20 1 3 8 85 2 19 0 17 6 14 9 35 4 11 3 27
8 22 9 38 2 57 7 56 4 51 6 54 5 59 1 68 3 16 0 89
1 82 9 11 6 98 2 95 0 61 5 74 3 58 4 52 8 87 7 20
0 23 6 89 2 87 9 71 5 62 7 81 8 65 4 62 3 69 1 89
7 15 6 5 5 9 0 58 1 13 3 81 4 35 8 10 2 62 9 36
3 88 6 18 8 23 9 91 1 16 4 95 7 94 0 92 5 85 2 56
6 40 7 38 8 69 0 37 1 92 2 51 4 35 9 61 3 57 5 9
0 70 9 55 3 17 5 96 6 41 8 68 2 90 7 47 4 88 1 91
2 31 9 92 4 86 8 55 1 58 0 70 7 77 5 8 3 98 6 81
0 60 2 41 1 35 6 95 8 79 7 17 3 17 9 52 4 56 5 13
6 74 1 15 8 97 7 7 2 24 9 95 3 55 5 52 4 11 0 51
0 67 1 29 2 4 9 33 4 73 5 58 3 6 8 58 7 9 6 89
1 28 0 74 2 18 9 88 7 33 5 84 4 35 8 2 3 63 6 27
1 30 5 53 7 39 0 6 2 97 8 77 6 69 3 60 9 86 4 57
