50 10
7 39 0 80 9 83 1 70 3 48 8 72 6 60 2 14 5 94 4 66
5 26 0 10 8 78 1 94 7 63 4 5 9 70 2 35 3 26 6 49
9 1 8 99 0 73 4 31 1 59 7 85 3 73 2 5 6 98 5 63
5 80 8 76 7 37 9 61 6 18 3 84 4 70 1 66 0 72 2 5
0 15 8 41 9 35 5 78 7 32 4 11 6 20 2 40 1 79 3 87
9 24 0 6 4 10 5 91 6 7 3 81 2 90 7 74 1 98 8 81
7 27 8 50 3 35 4 36 2 73 0 89 6 33 1 92 5 87 9 27
0 28 4 95 8 36 7 41 1 70 9 5 3 45 6 88 2 15 5 78
5 17 3 55 6 73 2 79 9 69 7 58 8 24 4 18 1 29 0 27
1 43 7 37 2 84 6 70 8 31 3 3 9 89 0 83 5 55 4 60
6 9 9 97 8 63 2 16 0 56 5 16 1 29 3 94 4 77 7 9
0 77 9 42 8 68 7 9 2 86 6 43 5 66 3 82 1 85 4 44
1 77 7 78 0 25 3 48 9 84 5 44 4 36 6 68 8 62 2 27
0 53 5 8 9 96 8 44 6 54 3 90 1 22 4 39 7 76 2 22
8 42 4 96 6 26 3 5 0 31 7 86 2 42 1 15 5 15 9 50
5 52 2 74 3 58 4 42 9 40 6 41 0 2 8 49 7 65 1 45
0 38 6 72 5 32 2 28 7 72 1 9 9 15 4 33 3 25 8 17
7 32 2 56 3 90 9 72 5 37 6 31 8 94 1 80 4 28 0 96
3 53 5 29 4 73 0 63 6 53 1 17 7 83 2 6 8 48 9 55
2 77 0 64 1 43 9 74 6 37 5 15 4 58 8 77 3 96 7 28
6 90 5 68 2 2 9 46 4 72 0 50 3 25 7 37 8 21 1 34
0 9 3 97 4 4 2 2 1 68 8 46 6 27 5 32 9 56 7 48
6 39 5 21 1 49 8 41 2 49 9 9 0 97 4 88 7 26 3 33
9 77 3 37 1 46 8 97 7 73 6 81 0 55 4 60 2 29 5 76
1 32 4 63 2 83 9 13 8 19 3 43 5 25 0 22 7 36 6 1
0 40 8 21 9 90 5 49 4 54 3 59 7 50 2 20 1 27 6 77
2 11 6 80 3 49 5 62 4 28 0 32 9 66 7 20 8 7 1 17
9 92 5 54 0 20 4 83 8 55 3 95 1 8 6 4 2 13 7 40
1 99 4 35 0 54 2 14 3 91 9 56 5 12 7 5 8 97 6 75
9 55 8 1 3 16 2 76 1 47 6 55 5 28 0 32 4 70 7 50
8 61 2 41 3 29 4 50 0 67 5 96 7 64 9 57 1 22 6 39
9 14 3 98 7 93 5 9 6 94 4 25 1 61 8 39 2 40 0 20
8 2 3 47 6 14 1 16 7 75 9 35 2 12 5 5 4 95 0 97
9 13 0 91 7 25 6 57 5 85 3 92 1 32 4 99 8 67 2 45
1 97 3 53 2 91 8 67 6 79 9 25 7 90 4 79 5 91 0 47
3 50 4 67 9 60 7 77 5 27 8 74 1 10 0 91 2 4 6 85
4 96 3 66 2 25 7 31 5 12 6 77 1 31 0 14 9 67 8 89
3 17 6 91 5 69 1 2 0 36 8 20 4 7 7 83 9 96 2 22
4 44 1 10 8 50 2 49 9 3 3 99 6 8 0 9 7 42 5 9
6 77 9 51 3 71 8 63 1 15 0 21 4 89 5 48 2 20 7 77
3 27 7 40 6 85 1 33 9 71 8 81 5 80 4 84 2 90 0 12
7 13 1 48 9 8 8 73 0 56 4 63 2 38 5 67 6 9 3 48
8 15 9 29 3 23 7 63 6 81 0 95 1 29 2 95 4 75 5 92
9 82 6 97 0 46 7 51 4 17 3 35 1 76 2 80 5 97 8 36
9 10 5 24 3 82 6 45 2 88 8 87 7 4 0 4 1 36 4 49
4 42 3 26 5 78 7 72 6 77 1 63 0 87 2 70 8 67 9 13
4 56 7 12 3 46 0 22 8 50 6 63 5 80 2 91 1 42 9 89
2 48 8 62 6 88 5 49 1 71 9 82 0 80 4 55 7 10 3 36
6 55 0 94 7 66 5 39 3 92 8 78 4 53 9 51 2 39 1 90
4 39 1 50 6 80 3 56 0 37 5 8 7 15 9 4 2 5 8 88
