50 10
9 21 2 79 0 40 7 69 4 87 3 10 6 31 8 52 1 21 5 58
6 92 5 95 1 64 0 6 9 50 4 21 3 4 7 87 8 25 2 95
2 78 3 71 0 61 7 74 6 69 5 51 1 37 8 94 9 95 4 26
6 89 7 92 2 98 3 9 8 36 9 26 4 63 5 30 0 52 1 50
3 12 6 3 1 5 2 60 8 55 9 62 4 42 5 23 0 62 7 65
8 35 5 49 3 71 2 60 9 83 7 44 0 23 4 37 6 1 1 28
5 15 8 44 2 49 7 76 6 78 1 76 9 31 3 20 0 47 4 19
2 58 8 64 9 74 6 23 1 32 5 57 4 41 7 45 3 42 0 99
9 25 6 74 0 80 1 25 3 28 5 10 2 97 8 50 4 72 7 83
1 67 2 83 7 93 5 56 4 57 0 71 6 38 3 10 8 45 9 15
3 13 4 91 1 28 9 43 7 44 0 62 6 25 2 66 5 79 8 49
6 9 0 7 3 15 8 64 1 6 7 69 9 76 4 50 2 98 5 18
4 57 7 51 1 32 9 90 6 75 2 76 8 98 0 92 3 25 5 17
5 42 7 49 1 23 2 78 4 56 9 70 0 89 8 42 3 74 6 82
7 46 4 58 8 16 5 10 9 23 2 10 1 44 3 29 6 68 0 17
5 50 9 38 0 13 2 67 7 82 8 91 4 47 1 39 3 9 6 65
7 91 0 80 9 8 5 79 2 68 8 73 3 13 4 3 1 7 6 58
8 73 0 72 4 38 1 91 7 52 3 82 6 59 5 97 2 52 9 25
6 24 2 9 7 93 8 67 4 91 9 55 5 77 0 80 1 73 3 2
5 23 3 84 0 29 1 65 4 53 2 64 6 86 8 23 9 51 7 15
0 37 9 81 8 18 2 48 6 18 7 55 4 89 1 79 3 9 5 23
9 85 1 31 7 69 4 50 2 15 5 43 8 49 3 18 6 13 0 59
4 88 3 13 6 41 5 78 1 41 9 23 0 89 7 91 8 42 2 35
3 6 7 51 0 51 1 22 8 57 9 31 6 81 4 13 5 44 2 31
4 56 6 59 1 44 8 15 9 79 5 81 0 64 3 90 7 76 2 67
1 53 8 83 7 1 5 72 6 96 0 81 9 87 2 40 3 17 4 69
1 35 3 63 4 87 7 46 2 60 0 40 5 5 6 51 9 99 8 51
4 47 8 54 5 29 0 96 6 78 2 18 1 3 7 82 3 50 9 94
3 85 7 39 0 89 2 87 9 22 1 61 6 63 4 99 8 28 5 80
7 93 8 54 5 52 2 91 4 93 9 54 1 79 6 43 0 71 3 69
9 70 6 89 2 6 8 76 1 44 4 77 0 23 5 56 7 99 3 11
9 63 5 25 3 76 0 46 7 81 4 44 6 69 2 18 1 55 8 86
4 84 6 97 8 30 1 31 0 11 3 68 7 75 9 5 2 43 5 99
5 66 9 7 4 80 0 24 8 17 3 73 6 57 2 26 1 30 7 22
2 87 7 39 8 25 3 24 9 52 6 55 5 80 0 89 1 6 4 57
1 90 4 55 0 65 2 14 8 26 7 11 6 71 3 78 5 35 9 31
7 92 2 7 6 76 8 46 1 4 3 66 4 26 5 28 0 70 9 70
2 13 0 6 9 47 8 27 7 12 4 23 3 82 6 7 1 9 5 15
5 35 7 3 3 85 8 6 2 96 0 80 9 95 4 90 1 33 6 93
9 31 3 89 7 34 1 71 2 51 5 62 8 69 6 98 4 51 0 47
8 35 4 72 1 15 0 75 2 60 5 4 3 33 7 22 9 32 6 65
2 25 5 45 0 29 1 67 8 81 3 97 7 25 6 1 9 23 4 54
0 95 5 45 3 92 6 33 1 21 9 54 4 96 8 3 7 58 2 48
6 5 1 30 4 52 0 95 3 20 2 19 9 23 7 33 8 44 5 68
9 46 3 81 8 49 5 7 4 64 2 84 0 21 7 85 1 95 6 1
3 30 9 39 4 27 0 21 7 8 6 33 2 67 8 19 1 78 5 34
5 84 2 43 1 72 6 23 8 46 4 71 3 56 0 13 7 97 9 36
5 62 2 5 7 51 6 39 1 72 8 33 0 84 3 63 4 44 9 21
3 85 2 17 8 45 0 99 7 76 5 8 4 33 6 25 1 47 9 38
5 75 1 54 6 32 9 91 2 25 4 44 3 7 7 76 8 91 0 15
