50 10
1 92 8 13 7 80 6 20 4 17 5 61 0 22 9 19 2 66 3 63
3 92 4 59 7 77 9 32 5 40 1 18 8 70 0 63 6 12 2 82
6 48 7 22 8 19 3 27 1 15 5 6 9 1 2 98 0 12 4 69
9 25 0 88 4 32 6 25 7 72 8 46 3 99 1 9 2 17 5 28
7 49 9 24 5 75 2 48 0 68 6 87 4 50 3 88 8 25 1 65
0 5 5 41 8 32 6 13 1 54 3 94 2 16 9 31 4 71 7 87
0 60 9 80 2 60 6 86 5 84 8 36 3 46 1 19 4 13 7 27
1 4 8 87 5 95 4 45 2 57 0 1 7 31 6 56 3 92 9 96
7 58 4 25 1 97 8 86 3 71 6 92 9 78 2 12 5 20 0 57
8 48 4 47 2 10 5 21 9 87 7 79 0 13 3 64 1 89 6 88
6 48 2 49 3 31 8 76 9 76 7 17 1 55 5 63 4 28 0 72
4 12 2 67 8 87 5 37 6 14 1 33 9 35 7 39 0 90 3 49
4 1 1 83 5 44 0 82 3 10 6 98 9 36 2 52 7 40 8 25
2 56 1 28 3 20 7 66 0 93 9 78 5 40 6 52 4 53 8 37
0 81 4 96 3 38 8 19 1 22 6 14 5 86 9 9 7 57 2 39
4 22 7 3 8 62 5 20 3 72 1 25 2 20 9 78 6 65 0 12
7 77 2 92 1 34 4 31 8 45 6 43 0 96 5 30 3 4 9 33
6 98 3 26 5 16 4 49 2 2 0 26 1 96 8 98 9 71 7 77
1 3 4 5 5 62 8 85 9 81 6 89 7 93 3 15 2 42 0 18
1 33 2 49 5 59 6 29 8 25 0 56 3 57 7 71 9 24 4 44
1 32 3 61 7 26 8 80 0 8 4 30 9 48 6 38 5 88 2 24
1 40 0 69 3 86 6 11 8 87 5 38 4 11 2 48 7 36 9 79
2 75 7 67 0 74 1 11 3 31 6 64 8 99 9 7 4 63 5 72
2 75 0 44 5 56 4 45 7 52 1 66 9 92 3 69 8 12 6 91
4 27 2 69 8 22 7 72 6 91 3 26 0 54 5 98 1 49 9 42
3 70 7 12 2 89 1 46 9 95 0 66 6 15 8 12 5 20 4 18
0 69 2 22 9 33 8 51 1 43 6 48 7 79 4 64 3 92 5 76
8 39 4 94 7 46 0 71 6 3 9 7 1 70 5 41 2 43 3 23
7 78 0 26 3 60 6 8 1 62 9 7 2 60 5 30 8 41 4 51
3 73 8 19 2 42 4 97 0 61 7 81 1 90 5 31 6 91 9 63
5 3 0 14 3 55 9 98 1 85 4 92 6 41 7 63 2 9 8 34
3 65 5 86 7 47 4 63 8 58 0 84 6 3 2 20 9 52 1 38
3 91 5 73 4 55 1 29 2 96 0 59 7 51 8 44 6 60 9 72
8 50 7 56 0 92 9 30 1 21 5 41 4 39 3 87 2 34 6 98
5 52 4 67 0 34 7 28 2 56 8 24 9 8 6 50 3 35 1 30
8 34 7 80 3 25 5 24 0 22 4 61 9 83 6 29 2 96 1 86
9 62 4 92 5 41 0 98 1 55 3 36 7 28 6 27 2 94 8 41
6 50 0 97 4 82 3 6 5 50 8 39 9 88 1 84 7 17 2 77
5 6 0 89 4 69 1 8 7 6 8 45 9 10 6 23 3 13 2 65
5 52 6 25 7 61 0 41 1 49 3 75 2 75 4 73 8 52 9 81
8 27 3 26 1 68 7 62 9 99 5 46 2 48 4 42 0 16 6 87
5 22 2 80 4 46 9 24 8 7 3 66 7 63 0 11 1 94 6 97
2 85 3 37 1 38 9 29 0 28 8 56 4 54 5 25 6 43 7 74
8 10 5 51 4 94 9 7 1 10 2 53 6 23 0 95 7 14 3 84
4 79 0 78 5 86 7 75 9 49 2 72 6 15 1 48 8 90 3 52
7 2 9 23 3 31 0 27 6 77 1 42 2 63 5 87 4 42 8 98
7 71 8 96 6 77 4 89 5 43 1 43 2 8 9 74 0 40 3 65
9 85 2 26 5 38 7 93 0 9 4 89 8 69 3 62 1 76 6 92
5 40 7 30 0 11 9 88 2 66 4 48 1 73 3 57 6 6 8 86
8 22 5 63 4 27 9 66 1 6 0 24 2 90 3 95 6 93 7 10
