50 10
7 72 9 12 6 71 5 93 4 44 3 61 0 74 1 68 2 96 8 18
6 20 3 63 9 35 2 49 1 37 7 24 0 22 4 41 5 30 8 43
4 76 3 21 6 40 2 62 7 97 8 68 9 14 0 30 1 51 5 65
3 28 5 59 0 18 7 58 2 37 1 21 6 5 8 26 4 22 9 9
7 48 4 18 0 78 5 60 3 55 6 39 2 5 9 35 8 5 1 16
3 68 7 61 9 46 4 85 0 83 6 18 1 12 2 48 8 44 5 12
8 35 7 84 9 61 3 52 6 95 4 73 0 42 2 94 1 61 5 25
8 50 5 80 2 86 1 10 0 95 9 40 4 99 6 89 3 39 7 71
9 5 1 30 6 68 2 48 8 9 5 62 0 4 3 38 7 99 4 63
2 23 3 31 6 36 0 68 1 36 7 9 5 48 8 61 9 27 4 64
3 33 7 77 6 84 5 71 1 41 2 14 4 37 8 90 9 69 0 85
5 12 8 87 3 40 1 84 9 30 4 95 7 46 2 79 6 65 0 59
5 25 2 68 7 75 8 52 4 65 9 92 6 2 3 44 0 54 1 83
0 46 5 2 8 74 1 65 2 34 7 12 6 12 9 46 4 63 3 71
3 4 2 55 9 6 7 70 0 58 1 80 8 67 4 89 6 44 5 77
9 64 8 88 0 17 4 73 1 30 6 45 3 5 7 20 5 77 2 4
8 96 4 53 3 6 6 36 0 24 2 98 9 58 7 35 1 55 5 80
9 35 0 77 1 49 5 91 2 67 6 55 7 56 3 3 8 96 4 24
4 36 7 94 6 36 3 3 8 43 0 8 1 89 5 86 9 45 2 43
5 29 6 69 7 62 0 98 3 93 1 72 9 54 4 63 2 53 8 65
6 18 7 78 2 17 5 51 1 12 4 67 0 70 8 98 9 63 3 86
2 74 8 38 7 58 5 89 4 67 0 68 6 20 9 9 3 97 1 54
3 98 8 68 7 16 2 34 9 36 1 24 6 84 0 75 4 26 5 41
7 79 3 72 8 62 0 66 9 56 5 4 2 30 1 99 6 63 4 6
0 21 5 41 6 1 4 39 8 19 7 74 2 36 9 2 3 9 1 26
8 95 6 37 3 85 2 21 0 96 4 18 5 27 9 67 7 58 1 23
8 31 0 80 3 49 4 43 5 19 6 26 2 59 1 75 7 94 9 63
7 48 3 52 8 55 0 56 9 72 5 78 2 3 6 80 4 17 1 4
8 11 9 17 3 96 1 20 2 52 0 68 7 90 4 62 6 61 5 62
5 10 4 5 8 12 3 60 6 35 9 37 7 30 1 5 2 47 0 65
7 75 5 64 2 11 3 42 4 56 8 36 0 37 6 73 1 68 9 50
6 17 8 14 1 30 0 66 4 84 7 15 3 78 5 54 2 34 9 85
5 16 8 51 2 55 4 37 9 94 3 55 7 73 1 31 0 35 6 11
0 67 5 64 9 52 8 73 3 26 6 21 4 13 2 10 1 90 7 61
4 62 0 23 6 80 9 47 2 95 5 88 3 62 1 47 8 15 7 57
1 66 2 94 4 9 7 67 9 23 8 76 3 5 0 21 5 25 6 59
1 15 6 28 0 15 9 85 8 35 5 73 7 46 3 5 2 20 4 85
9 30 3 27 4 80 5 66 0 39 2 34 7 65 6 79 8 44 1 19
3 17 2 87 1 12 8 77 7 23 6 26 4 48 9 49 5 60 0 77
4 97 3 8 8 63 9 86 2 17 0 69 1 83 7 94 6 90 5 82
3 50 8 84 6 19 5 22 9 38 0 38 2 62 1 89 4 75 7 89
4 43 3 78 2 33 5 7 1 64 8 27 7 23 6 88 9 10 0 98
4 9 6 33 0 45 1 87 7 95 5 58 9 52 8 31 3 53 2 28
9 86 5 56 3 74 1 99 7 15 4 59 6 13 2 78 8 76 0 89
1 64 4 65 8 14 3 71 2 24 7 97 9 28 5 82 6 78 0 1
7 96 3 50 4 24 9 61 5 84 0 91 6 97 2 15 8 59 1 77
4 6 7 48 9 63 2 31 0 57 5 46 1 21 8 98 3 91 6 73
5 30 8 99 9 56 1 59 4 44 6 51 7 83 0 69 3 58 2 57
4 2 9 89 6 36 1 76 2 33 7 13 5 75 0 40 3 52 8 67
2 62 4 79 5 55 3 83 9 46 6 15 0 91 1 12 7 98 8 77
