50 10
8 11 2 21 9 57 4 91 6 85 0 34 3 65 5 26 7 20 1 78
7 99 4 90 8 65 3 44 6 80 0 6 5 89 1 96 2 95 9 43
2 95 3 5 5 26 9 76 6 75 8 13 1 12 7 63 4 34 0 83
8 87 3 31 2 64 7 95 6 1 5 51 0 56 9 74 4 92 1 45
2 3 7 14 5 16 4 31 8 19 9 55 6 56 1 17 0 78 3 59
1 65 8 16 4 88 6 87 2 40 9 22 0 36 5 34 3 24 7 32
8 52 5 22 0 42 7 74 1 22 4 40 2 76 6 62 9 76 3 61
4 36 0 10 3 13 5 81 7 27 6 72 9 86 8 72 1 64 2 3
2 25 4 49 6 72 0 50 8 45 5 19 3 25 1 92 9 56 7 18
9 44 3 94 4 1 7 30 8 1 6 62 0 66 2 97 1 41 5 80
7 99 8 78 6 27 5 54 2 48 0 53 3 52 9 44 1 21 4 86
4 66 6 51 8 44 1 52 0 9 3 97 7 8 2 30 5 98 9 53
0 77 4 65 5 56 2 27 7 23 1 81 9 51 6 96 8 32 3 52
5 28 1 73 6 93 0 17 9 57 3 96 2 53 7 44 8 61 4 16
9 73 0 30 7 61 8 5 1 54 2 62 3 71 5 9 4 19 6 96
9 6 7 59 6 75 5 98 4 29 0 93 1 95 3 60 8 23 2 90
6 87 8 74 4 6 3 51 0 46 9 79 5 30 1 60 2 29 7 63
3 83 0 34 8 16 9 30 6 37 4 35 5 8 1 30 2 63 7 61
4 70 5 19 3 27 9 86 7 30 1 20 2 90 0 39 8 16 6 11
4 97 0 29 2 86 9 1 8 94 1 48 3 40 7 75 5 95 6 77
0 11 1 2 4 14 6 80 2 52 9 53 3 83 8 85 5 79 7 74
3 43 6 35 7 54 9 64 2 30 0 23 5 68 4 25 8 55 1 15
3 27 2 39 7 42 4 56 8 92 5 23 0 68 1 83 6 19 9 34
3 41 4 8 9 96 5 32 7 27 2 64 6 21 8 92 0 55 1 5
9 6 8 34 0 97 7 34 4 96 6 62 2 76 3 27 1 23 5 15
6 81 7 56 4 33 3 18 2 95 0 94 9 50 8 62 1 25 5 62
3 3 4 92 5 48 8 1 0 23 6 99 9 68 7 82 1 97 2 32
4 24 1 48 3 80 2 62 5 23 0 51 8 4 6 92 7 79 9 20
6 68 3 12 9 56 2 58 7 15 8 80 5 53 0 87 1 85 4 62
8 68 1 29 0 5 4 12 3 29 5 37 9 78 2 43 7 2 6 14
1 18 5 91 7 55 9 71 8 11 4 22 3 94 0 95 2 69 6 6
2 89 5 1 8 5 9 73 3 77 0 86 1 41 7 73 4 84 6 64
3 58 1 17 0 13 7 60 8 54 9 17 4 94 5 92 6 47 2 4
7 43 9 65 1 1 8 20 4 3 6 69 0 29 5 77 2 67 3 82
6 52 3 28 4 90 5 54 0 23 1 29 2 10 7 59 8 33 9 87
1 89 7 40 0 96 4 88 6 72 9 8 2 66 5 36 8 12 3 87
5 33 6 26 1 81 8 75 4 35 9 89 0 64 3 19 7 79 2 43
5 52 6 17 0 36 2 22 8 35 7 59 1 71 3 1 4 5 9 88
2 5 7 50 0 84 6 95 9 95 1 9 4 11 3 69 5 70 8 53
9 12 4 26 2 97 3 83 0 64 1 53 5 45 7 61 8 91 6 20
0 55 3 16 7 38 5 4 9 80 2 2 8 62 6 94 1 33 4 51
2 30 7 44 0 30 5 60 9 50 6 7 3 72 1 69 4 85 8 85
7 58 1 86 2 26 8 40 6 84 4 25 3 64 5 49 0 4 9 21
2 81 4 45 8 99 5 74 1 55 6 72 0 17 9 2 3 92 7 1
0 3 1 47 3 95 4 39 6 98 5 38 9 28 8 34 7 54 2 20
0 3 3 31 6 98 2 28 4 64 5 91 7 35 9 96 1 84 8 41
2 46 4 6 8 93 3 28 5 56 1 48 0 63 9 37 7 4 6 6
9 83 7 9 3 11 1 96 5 65 8 91 2 19 6 87 0 76 4 1
0 12 3 69 5 71 2 77 1 85 8 23 4 93 6 35 9 73 7 12
5 31 4 75 1 52 7 96 0 31 8 42 2 83 9 67 3 29 6 32
