50 10
3 62 7 44 0 53 6 36 8 14 2 46 5 65 4 41 1 13 9 9
9 40 2 99 1 76 0 62 6 63 3 5 5 98 8 74 4 10 7 87
0 31 6 99 5 64 9 1 4 89 7 94 3 58 2 16 8 21 1 34
4 99 7 12 8 54 5 95 2 77 0 85 3 47 1 73 6 34 9 87
9 96 2 69 0 22 3 99 6 16 1 89 5 40 8 2 7 86 4 70
8 48 9 85 3 22 2 5 0 80 1 52 5 13 4 5 6 65 7 39
9 73 2 13 1 20 3 58 5 86 8 2 7 5 0 45 6 80 4 32
4 21 5 70 3 99 9 54 2 92 1 21 8 53 6 17 0 26 7 93
2 60 8 39 6 72 7 20 0 97 9 88 4 47 1 54 3 70 5 31
3 21 1 16 2 20 7 28 5 98 6 28 0 59 9 83 8 73 4 60
0 45 5 74 6 22 3 94 2 81 4 78 7 31 9 54 8 91 1 45
8 68 1 27 4 60 6 76 9 44 5 3 2 94 7 16 3 8 0 72
2 23 9 71 1 86 4 61 8 12 5 98 7 83 0 50 6 67 3 30
4 82 9 96 0 54 5 1 7 17 8 40 3 42 1 92 6 94 2 99
0 41 4 91 8 85 1 29 3 95 5 90 6 40 2 94 7 50 9 45
7 75 2 52 4 54 5 29 0 47 8 37 3 62 9 5 6 98 1 12
6 8 9 11 5 89 0 84 3 84 7 72 4 17 2 85 1 28 8 61
4 98 6 35 8 54 5 23 7 59 3 34 2 32 1 89 0 2 9 66
4 53 1 32 6 76 5 50 9 75 0 63 2 28 7 30 3 14 8 53
8 51 7 37 0 95 6 87 1 69 2 48 3 8 9 48 5 68 4 94
9 2 4 43 7 9 0 31 8 91 2 23 1 70 3 76 6 37 5 96
3 48 9 62 0 94 7 28 1 86 2 65 8 26 6 47 4 3 5 76
7 2 4 78 8 32 6 21 5 44 2 54 9 25 3 47 0 67 1 98
2 20 1 6 8 69 5 67 7 17 9 66 0 40 3 51 6 70 4 15
2 60 5 68 8 75 4 88 3 89 0 50 9 71 7 4 1 42 6 47
6 30 8 92 3 95 7 5 2 93 9 36 1 86 4 86 5 34 0 35
8 85 6 98 9 38 4 33 7 50 0 91 5 3 1 79 2 54 3 18
4 32 5 63 9 38 8 10 7 89 2 16 6 42 3 52 1 77 0 66
4 61 9 72 0 93 7 28 1 81 5 88 8 42 6 80 2 49 3 72
1 36 3 1 5 14 2 93 6 28 8 99 4 51 0 97 9 11 7 9
2 40 5 82 6 79 0 82 1 38 4 31 7 28 3 16 9 20 8 63
1 28 8 44 0 67 7 31 5 27 9 50 4 54 3 25 2 44 6 60
8 27 2 29 4 4 3 41 7 1 6 37 1 65 5 86 0 54 9 3
5 23 6 99 8 12 7 98 0 53 1 63 4 68 3 4 2 99 9 17
3 29 7 51 5 70 0 27 4 94 1 10 2 33 6 61 8 33 9 10
3 99 8 28 6 74 2 83 9 48 7 46 0 88 5 46 4 18 1 67
5 62 3 96 4 14 2 25 8 95 0 52 9 77 1 98 7 64 6 11
7 6 1 7 2 93 5 28 8 5 6 48 0 54 4 42 3 49 9 42
1 98 4 66 0 54 7 57 8 87 3 11 2 65 6 58 5 17 9 14
8 52 9 6 0 79 7 17 5 27 2 97 1 45 3 5 6 33 4 92
3 67 4 98 1 69 8 58 9 63 5 72 2 92 7 51 0 42 6 12
2 87 4 74 0 27 1 81 5 84 9 90 8 56 6 52 3 36 7 54
4 27 2 65 0 73 8 42 9 85 5 54 3 41 6 42 1 46 7 11
7 28 9 12 2 41 4 9 6 86 1 59 0 20 5 37 3 32 8 31
9 20 1 3 8 97 0 96 2 93 3 60 7 45 5 9 4 25 6 61
7 89 9 18 0 2 2 4 4 67 6 37 1 43 3 7 5 87 8 15
7 71 5 13 4 9 9 7 0 28 3 90 8 76 2 56 1 68 6 33
4 77 0 49 3 10 8 16 2 6 6 88 7 93 9 56 5 31 1 8
1 41 3 2 7 40 4 98 2 14 0 4 5 71 6 88 9 92 8 96
2 30 6 24 7 2 1 99 0 52 3 36 4 36 8 84 9 30 5 91
