50 10
5 8 9 15 2 26 4 34 8 77 7 59 0 96 6 79 1 13 3 6
0 63 5 7 7 91 8 81 4 82 3 54 6 50 1 77 2 5 9 76
0 11 8 65 7 66 3 66 9 27 1 29 6 59 4 27 5 2 2 34
3 9 7 19 5 69 2 81 9 19 1 71 6 63 8 33 4 66 0 46
4 32 8 34 9 36 5 65 3 6 6 20 1 73 0 70 2 32 7 70
7 51 8 61 3 24 4 18 9 68 2 35 1 5 6 60 0 17 5 41
4 82 8 28 1 42 7 69 3 98 9 30 0 78 2 18 5 53 6 90
9 60 7 89 2 9 4 16 8 15 0 74 1 87 3 69 5 96 6 12
5 9 0 94 7 12 2 60 3 6 6 66 9 44 8 6 1 87 4 76
9 72 3 19 1 64 2 61 6 59 8 83 0 45 7 30 5 12 4 9
0 38 3 83 9 61 8 62 2 89 6 80 5 39 4 3 7 28 1 6
0 32 1 72 4 7 3 13 9 51 6 2 7 55 8 39 5 39 2 7
7 69 9 4 8 38 1 8 4 87 0 14 2 14 5 76 6 84 3 71
9 90 1 18 5 33 7 83 3 6 0 46 4 20 8 16 2 24 6 42
2 28 5 3 3 11 4 52 9 17 1 34 8 62 0 81 7 68 6 41
3 50 9 54 5 67 4 74 7 84 1 7 8 17 0 87 2 30 6 8
8 43 2 31 6 98 4 33 1 41 3 36 0 61 5 35 9 72 7 57
4 31 0 74 3 98 5 97 8 22 2 6 9 23 1 14 7 37 6 78
8 68 1 83 9 67 6 89 7 19 2 19 4 34 0 72 3 25 5 69
9 14 6 24 3 41 2 12 0 38 5 68 8 86 4 38 7 72 1 29
9 5 5 70 1 86 7 59 3 31 2 41 6 68 0 21 4 42 8 16
7 44 8 50 1 11 4 53 9 17 2 4 6 3 3 9 5 85 0 29
6 90 4 61 7 74 5 8 3 59 8 75 2 61 1 61 9 51 0 70
2 46 3 51 6 77 9 84 8 56 1 93 7 6 0 89 4 78 5 83
3 69 5 45 8 12 0 47 9 51 7 78 1 12 6 39 4 49 2 28
2 97 6 26 0 54 9 9 1 24 7 98 4 56 5 30 3 9 8 75
1 49 0 31 3 62 8 73 5 81 2 62 4 86 9 40 6 87 7 40
7 35 5 4 0 18 3 21 4 91 6 57 1 10 9 5 2 16 8 1
9 97 7 33 4 14 8 15 0 13 1 72 5 55 2 31 6 80 3 18
2 51 9 39 5 74 6 76 4 10 1 17 0 63 3 4 7 62 8 99
6 75 9 86 2 22 5 99 7 5 4 47 0 5 8 20 3 59 1 74
9 52 4 25 0 66 5 63 3 31 6 62 8 27 1 48 2 75 7 85
0 42 1 68 6 82 5 99 8 87 3 43 7 48 4 24 9 53 2 92
3 70 2 49 4 52 0 80 5 9 7 72 1 16 6 36 9 17 8 46
8 29 6 38 4 41 2 20 1 18 0 13 7 99 5 48 3 78 9 95
5 79 4 49 0 93 9 8 3 55 6 80 8 60 7 98 1 97 2 30
1 26 9 91 6 13 8 46 2 32 0 3 3 32 7 78 5 14 4 49
8 19 3 43 4 51 1 78 6 37 2 58 5 41 9 24 0 76 7 29
8 46 6 48 2 87 0 1 5 18 7 42 1 86 4 83 9 26 3 10
1 19 5 54 3 10 9 86 4 86 7 47 0 76 8 89 6 21 2 92
7 67 6 78 3 90 9 92 8 41 1 65 0 83 5 72 4 30 2 94
8 66 1 92 5 11 6 76 9 38 7 55 0 2 3 80 4 73 2 47
4 51 7 63 3 74 2 14 1 54 6 46 0 13 9 46 5 35 8 54
3 20 6 73 8 23 1 1 7 22 5 82 4 68 2 42 9 37 0 33
1 20 6 44 0 38 4 20 9 30 3 59 7 48 8 82 2 52 5 95
2 86 0 98 4 38 7 19 1 16 8 48 3 16 6 88 5 81 9 34
1 84 4 39 6 48 2 95 5 71 9 46 8 84 0 45 7 88 3 26
2 80 6 75 5 78 1 92 0 25 7 36 9 8 3 8 4 31 8 43
4 54 0 49 8 53 2 2 6 64 5 79 9 62 3 43 1 13 7 52
5 57 3 93 2 12 4 30 7 79 9 53 1 66 6 29 0 58 8 73
