50 10
0 61 8 59 2 7 6 19 1 53 3 28 9 70 5 91 7 58 4 93
0 48 4 67 7 62 1 36 3 18 2 20 9 39 8 85 6 98 5 27
1 72 2 7 0 86 4 6 8 92 9 80 7 54 5 36 3 65 6 6
8 81 2 93 7 60 6 34 9 99 4 99 0 93 1 12 3 16 5 98
6 76 3 23 0 35 7 49 8 29 1 48 9 76 4 91 5 83 2 61
1 82 5 4 4 7 7 37 0 20 8 84 2 80 9 12 3 47 6 23
6 90 1 23 7 85 2 92 0 44 5 65 3 87 9 88 4 31 8 68
0 75 5 23 4 5 3 68 2 64 1 61 7 97 6 47 8 94 9 24
8 36 9 16 4 31 2 84 7 17 1 82 6 96 3 60 0 40 5 73
3 24 2 99 9 82 7 29 8 36 0 85 5 78 1 31 6 19 4 17
8 45 0 49 9 96 1 51 6 37 2 73 3 74 5 37 7 94 4 71
7 34 5 30 6 84 3 6 4 33 8 8 1 42 9 40 2 42 0 85
4 95 8 99 3 14 1 20 9 87 0 3 5 25 2 93 6 77 7 70
2 49 3 1 9 31 5 19 8 58 7 60 1 88 0 61 4 9 6 3
4 44 6 3 3 9 9 37 7 17 1 56 0 37 2 74 5 59 8 1
0 71 4 33 5 90 6 5 8 30 7 18 1 95 9 15 2 8 3 5
7 18 1 55 2 77 8 36 6 98 5 72 0 76 4 42 9 16 3 60
8 69 1 34 7 31 0 83 2 98 5 5 9 62 4 39 3 38 6 27
8 35 3 37 2 93 1 36 9 66 5 32 0 89 6 27 4 66 7 94
7 10 0 91 3 6 5 64 1 93 6 18 9 56 8 89 2 97 4 42
1 66 3 39 5 94 4 62 9 84 7 47 6 95 2 49 0 66 8 86
9 34 3 40 2 5 8 17 1 58 0 53 5 25 6 35 7 15 4 72
7 57 2 14 6 13 1 88 4 82 3 44 0 34 5 59 9 48 8 9
2 9 5 6 1 31 7 50 8 24 3 37 6 48 4 5 9 50 0 20
1 41 4 66 5 72 8 20 6 3 3 53 0 61 9 41 2 74 7 39
4 7 1 22 5 39 0 79 8 80 7 53 6 29 2 7 9 27 3 13
5 61 2 82 6 37 1 87 8 61 0 86 3 97 9 62 7 73 4 69
4 82 7 28 2 49 6 43 3 42 0 6 9 30 8 15 5 54 1 7
3 84 9 2 8 65 1 24 0 48 7 27 5 26 6 67 4 5 2 71
5 11 4 98 3 22 6 38 7 53 2 36 9 86 1 82 0 11 8 23
1 51 8 48 0 30 4 61 2 8 6 24 3 5 7 85 5 17 9 38
4 59 2 18 9 12 3 15 8 8 6 50 5 25 7 3 0 56 1 49
9 26 3 79 1 99 4 65 5 78 8 36 0 51 6 56 2 45 7 28
2 41 1 86 9 5 4 18 5 25 0 31 7 63 6 20 8 35 3 18
1 97 8 50 6 55 2 8 9 83 7 91 4 43 3 95 0 14 5 11
5 6 9 10 2 52 8 1 6 1 7 98 0 71 1 86 3 75 4 47
3 96 2 28 1 8 8 40 9 87 0 37 6 1 5 52 7 61 4 8
6 49 5 90 2 58 4 51 0 81 7 49 9 72 8 83 3 89 1 31
6 96 8 58 7 89 2 13 9 81 0 10 4 48 5 50 1 2 3 31
8 99 7 70 9 58 5 25 6 91 2 11 1 28 4 11 3 70 0 26
6 31 9 1 3 8 7 96 4 40 1 52 5 52 0 84 2 85 8 62
7 80 1 17 0 29 2 10 3 64 8 58 6 58 5 66 9 71 4 44
7 80 0 33 1 46 2 82 9 39 5 86 6 35 4 33 3 94 8 20
2 22 0 68 4 26 3 26 1 44 6 28 7 34 9 88 5 71 8 65
0 14 6 17 5 20 9 72 8 74 3 61 1 61 2 68 4 44 7 60
8 13 3 95 7 73 9 93 6 60 4 78 0 61 2 90 5 31 1 22
9 54 3 65 6 98 1 92 5 88 4 78 8 73 0 95 2 57 7 71
2 93 7 83 6 81 1 14 9 99 4 34 8 28 3 23 0 58 5 3
9 68 3 46 8 22 5 90 1 64 7 18 0 45 6 83 2 84 4 24
4 89 0 9 5 44 2 6 6 83 7 71 1 11 8 78 9 18 3 91
