50 10
4 34 6 24 0 80 5 68 3 98 7 93 1 29 9 29 2 86 8 42
3 6 1 57 2 49 4 89 5 52 8 71 9 72 7 6 0 84 6 47
4 41 8 1 5 92 3 12 2 6 1 18 9 21 6 83 0 55 7 63
3 54 4 60 8 70 2 60 1 10 7 61 6 42 5 93 0 73 9 27
7 44 6 55 1 10 5 67 8 10 4 12 3 93 0 68 2 78 9 88
2 28 7 50 8 99 5 9 9 15 6 91 3 69 0 48 1 59 4 10
7 31 6 11 5 53 1 92 8 57 3 68 4 81 2 48 9 68 0 49
8 16 6 82 3 94 4 22 5 14 1 80 7 92 9 91 2 30 0 46
2 18 1 10 7 30 5 3 3 83 6 50 0 75 8 36 9 87 4 1
8 37 3 36 7 9 4 29 9 36 1 82 5 1 0 44 2 27 6 60
4 51 0 57 2 21 9 51 1 9 3 95 8 64 5 46 7 84 6 69
8 77 3 97 4 73 2 67 9 67 7 64 5 56 1 18 0 8 6 20
4 17 0 27 8 10 1 33 2 12 6 90 5 61 7 28 3 38 9 49
0 17 1 65 3 68 4 18 8 13 9 45 6 4 2 82 5 91 7 40
8 31 6 80 1 78 2 13 5 75 3 39 9 60 0 73 4 10 7 30
9 3 1 36 7 50 8 30 3 80 6 43 4 88 5 35 2 68 0 1
5 61 0 86 6 81 7 37 9 70 3 19 4 51 2 65 1 36 8 52
0 87 6 7 3 90 1 30 2 29 9 35 4 77 5 27 8 78 7 58
7 36 9 31 6 36 3 69 2 52 0 33 8 72 5 41 1 15 4 14
9 41 2 9 4 4 5 88 3 12 0 94 1 2 6 99 7 95 8 38
8 62 5 53 4 5 3 79 2 23 7 10 9 74 1 37 0 3 6 25
2 17 5 42 7 42 1 73 8 72 6 77 0 92 4 13 9 36 3 73
6 17 4 45 1 27 0 94 5 11 3 30 2 37 7 88 9 44 8 20
3 80 5 70 9 73 2 31 6 74 7 77 4 43 8 8 0 34 1 61
3 45 1 12 4 36 5 74 0 13 2 10 9 64 7 95 8 54 6 64
3 74 2 31 0 48 5 50 8 86 1 3 4 49 9 2 6 24 7 50
9 40 2 49 8 16 3 27 0 57 7 78 1 45 6 44 4 38 5 10
7 88 1 61 6 84 9 93 0 99 8 66 5 61 4 34 2 11 3 79
4 43 8 23 9 14 3 99 7 8 2 59 5 40 1 69 6 12 0 14
2 68 1 58 8 5 0 49 4 22 9 87 6 72 7 79 3 59 5 15
3 56 9 26 0 59 1 27 6 32 8 89 4 10 7 12 5 74 2 25
4 96 8 25 2 41 1 57 9 47 5 25 0 27 3 54 6 73 7 15
7 4 2 45 3 32 1 59 8 21 4 27 6 19 0 43 5 79 9 43
2 13 7 32 1 66 6 59 9 72 4 79 8 70 3 22 0 55 5 41
6 87 2 73 3 90 1 86 4 89 5 21 0 30 8 10 7 45 9 25
1 27 9 54 0 64 4 66 2 5 3 13 6 10 8 26 5 20 7 56
8 34 1 78 6 65 4 75 7 27 0 45 5 41 3 95 9 92 2 97
7 13 8 81 1 50 4 47 3 40 5 15 6 75 2 84 0 16 9 65
2 54 9 2 3 62 5 59 0 15 8 32 4 50 6 64 7 30 1 69
6 20 5 98 1 78 9 27 3 20 7 16 2 48 0 96 4 94 8 35
1 24 0 13 5 41 7 92 9 20 2 12 4 21 6 28 3 24 8 80
7 79 8 20 1 32 2 53 3 68 6 12 5 80 9 75 0 66 4 39
2 10 6 19 1 89 4 31 3 77 8 19 5 50 7 89 9 46 0 9
0 8 5 27 2 47 4 42 9 87 7 66 6 50 1 34 8 35 3 41
4 61 1 96 0 30 6 17 5 92 3 46 2 52 9 15 7 94 8 1
2 26 6 55 7 37 5 26 9 73 4 93 0 88 1 93 3 9 8 34
4 67 5 11 7 72 2 46 3 1 9 6 6 74 0 2 8 41 1 78
7 8 9 20 8 78 1 45 0 74 5 2 4 45 2 96 6 93 3 19
9 11 1 75 7 94 3 76 8 70 5 73 4 61 2 77 0 55 6 70
5 1 7 30 6 45 4 31 3 36 0 51 1 30 8 1 9 28 2 78
