50 10
5 81 8 50 3 65 0 53 1 34 9 31 4 67 2 93 7 48 6 15
9 27 6 24 1 61 4 7 3 43 8 1 2 23 7 92 0 90 5 69
9 78 4 50 1 3 0 97 7 84 2 86 8 80 5 34 6 67 3 85
8 28 6 7 9 79 1 18 5 48 4 98 0 97 3 52 2 75 7 81
3 66 7 32 1 30 5 44 9 72 6 5 8 37 2 72 0 92 4 78
0 74 9 49 8 94 4 53 6 91 5 60 2 78 7 26 3 93 1 25
4 5 2 34 6 93 8 31 9 45 0 84 7 38 5 74 1 87 3 99
0 43 9 99 7 19 1 60 4 24 5 40 6 59 3 5 2 53 8 82
0 69 1 63 4 41 3 63 8 63 2 39 5 95 9 99 7 84 6 79
8 25 2 2 5 18 1 98 6 28 9 59 3 8 0 78 7 47 4 50
9 21 1 88 6 89 4 82 3 76 8 74 2 70 7 47 5 63 0 25
2 80 7 58 5 71 3 73 9 49 0 66 1 40 6 73 8 30 4 49
4 53 3 29 7 17 6 88 2 4 5 9 9 86 1 96 0 45 8 64
2 23 5 31 0 79 1 2 8 43 4 36 7 10 6 25 9 96 3 26
0 60 7 26 6 6 8 35 2 13 3 35 9 39 1 96 5 40 4 63
0 65 1 28 4 2 5 48 6 72 3 1 9 78 7 56 8 66 2 33
2 16 9 42 4 60 1 38 7 52 5 26 0 81 3 84 8 48 6 28
6 15 7 19 1 34 4 57 3 44 8 32 2 21 5 99 0 6 9 13
7 95 9 65 5 8 0 68 1 99 2 30 4 99 6 4 3 11 8 90
6 59 2 89 3 41 7 66 5 9 0 50 1 69 9 24 8 67 4 59
4 80 3 25 0 94 2 88 9 45 8 61 5 42 1 90 6 32 7 74
1 6 6 25 8 5 7 78 4 81 9 22 2 90 0 39 3 91 5 73
5 67 2 6 1 62 4 97 0 14 6 43 8 60 9 64 3 95 7 66
6 6 5 49 3 27 7 93 8 28 4 79 0 88 1 6 9 11 2 43
6 90 4 30 2 58 7 26 9 14 8 51 3 6 1 30 0 29 5 57
3 44 6 32 2 59 4 27 1 16 8 76 7 96 0 2 5 50 9 36
6 99 2 4 9 17 8 60 5 71 4 60 7 98 0 90 3 96 1 30
1 20 2 7 3 19 9 15 8 73 4 2 6 24 5 68 0 35 7 95
0 93 5 21 8 15 6 41 4 66 2 14 7 72 1 18 9 23 3 99
4 67 7 81 9 8 5 68 0 10 3 15 2 26 8 9 6 77 1 41
7 48 8 62 6 72 0 70 4 37 1 45 3 76 2 15 9 62 5 14
3 77 1 88 7 65 8 16 4 40 0 87 6 74 5 61 2 35 9 64
7 45 1 30 9 1 5 8 2 99 0 8 4 85 3 97 8 53 6 88
3 25 6 47 7 63 0 12 2 99 4 39 8 22 9 86 5 2 1 87
4 92 1 32 7 35 9 89 8 23 5 36 3 62 0 70 2 61 6 49
4 89 9 80 3 45 7 17 8 41 1 74 0 6 5 38 2 55 6 2
5 32 4 26 9 70 8 30 3 73 0 75 2 93 7 92 1 46 6 34
5 92 3 71 2 32 1 56 7 37 0 66 8 40 6 35 4 3 9 80
3 5 9 14 1 99 4 96 8 95 7 70 0 55 2 2 6 23 5 3
4 21 6 54 0 9 5 29 3 58 2 33 9 66 8 67 1 63 7 86
4 34 6 75 8 77 9 60 1 57 5 35 0 19 2 89 7 17 3 49
3 19 1 81 9 97 8 20 7 72 5 73 0 23 4 20 2 74 6 70
1 27 7 12 6 78 9 39 0 48 5 88 8 94 2 83 3 41 4 68
3 58 0 14 8 42 6 41 9 46 4 47 1 78 7 87 5 17 2 49
7 86 0 82 2 82 6 92 8 39 9 22 5 75 3 14 1 35 4 14
3 69 9 30 7 73 2 97 5 93 1 79 4 97 8 27 6 97 0 93
5 50 3 61 0 89 2 53 7 37 8 3 4 2 1 37 9 52 6 82
2 25 8 80 3 44 1 40 9 44 7 47 6 35 5 67 0 53 4 61
4 39 9 73 5 73 1 20 0 38 7 22 2 59 8 79 6 27 3 71
8 96 9 50 6 1 4 16 1 27 0 51 5 84 3 48 7 4 2 23
