50 10
5 28 0 13 7 76 9 64 2 98 8 54 1 65 6 95 3 67 4 62
0 29 2 38 7 39 9 59 1 2 4 21 6 5 5 26 3 80 8 1
2 56 9 30 8 54 4 44 6 1 5 3 1 99 3 91 7 63 0 65
1 24 4 32 7 79 0 54 2 37 9 98 8 74 6 9 3 99 5 40
3 25 7 84 5 4 8 65 0 9 4 37 1 1 2 65 6 31 9 1
7 47 5 6 4 40 0 70 6 2 8 65 9 51 3 11 1 94 2 84
9 21 4 70 5 7 1 41 0 8 7 75 8 66 2 95 3 68 6 13
2 11 4 69 6 9 9 13 3 54 0 86 1 65 7 56 5 16 8 17
9 28 3 70 5 85 1 56 4 83 0 33 8 11 2 15 6 73 7 13
5 34 1 47 9 4 0 84 3 22 4 81 2 57 7 51 8 53 6 94
7 78 4 31 5 94 9 46 6 15 2 33 1 23 0 22 8 72 3 32
1 85 7 15 5 18 8 84 2 41 9 15 0 15 3 51 6 6 4 48
6 25 2 71 8 56 1 61 3 55 0 14 4 62 5 24 9 79 7 52
9 19 0 83 2 35 4 15 5 50 7 57 3 29 6 40 8 15 1 25
3 19 1 84 8 22 2 85 5 11 0 52 6 50 4 82 9 62 7 12
6 69 4 92 5 77 8 51 1 4 2 97 3 73 7 75 9 19 0 13
3 25 0 4 8 57 9 83 2 96 4 62 5 59 7 60 6 48 1 27
0 31 7 54 9 64 2 11 1 25 6 61 3 79 4 73 5 72 8 39
8 71 5 53 2 62 1 19 3 83 9 20 4 63 6 65 0 61 7 37
1 76 6 68 9 69 8 75 4 47 3 74 2 33 5 14 7 63 0 18
8 17 7 87 6 11 4 82 5 94 2 44 0 52 1 65 3 72 9 60
6 54 3 54 9 67 7 55 0 7 5 61 2 10 1 19 4 52 8 10
2 76 3 50 8 42 9 54 6 5 0 70 4 94 7 15 5 43 1 22
8 42 4 85 3 27 6 52 9 14 0 23 7 30 1 93 2 23 5 97
9 86 7 91 5 95 2 89 8 84 1 16 3 42 4 83 6 44 0 10
5 44 4 77 1 40 2 88 8 59 0 62 3 50 6 23 9 86 7 82
5 91 2 64 1 43 7 78 0 97 9 9 3 32 6 51 8 52 4 5
5 77 8 86 4 73 6 89 3 89 0 51 1 55 2 36 9 30 7 26
1 25 5 8 7 57 4 73 8 82 0 86 6 35 9 97 2 2 3 7
5 15 2 92 9 66 7 25 6 21 3 31 8 16 4 1 1 18 0 83
3 79 4 73 1 88 6 82 8 85 7 72 0 19 5 95 2 36 9 20
8 75 5 3 2 60 9 39 3 12 6 74 0 15 7 77 1 44 4 94
8 71 6 58 2 98 9 7 4 13 5 32 7 98 0 21 3 95 1 65
8 32 1 14 4 16 6 97 5 12 2 64 9 58 0 93 3 52 7 93
1 70 4 54 9 43 0 55 3 52 7 65 5 51 2 11 8 14 6 67
7 66 0 57 3 67 1 13 9 44 4 66 5 49 8 67 6 61 2 20
3 78 9 13 4 34 5 78 7 4 1 36 6 18 2 67 0 27 8 15
6 12 4 18 2 27 7 83 5 62 3 8 8 17 0 77 9 11 1 70
5 99 2 53 4 57 1 62 6 87 3 69 7 2 0 78 8 81 9 49
8 69 6 5 7 8 0 73 9 37 2 84 3 25 5 86 4 8 1 2
4 42 0 36 9 37 7 81 5 10 1 42 2 10 6 69 8 20 3 36
7 60 0 63 5 53 2 48 4 98 1 8 9 4 6 55 3 6 8 83
6 61 0 86 9 20 7 97 4 83 2 91 8 14 1 99 3 84 5 15
2 69 3 62 9 35 5 36 8 27 4 4 7 5 0 94 6 96 1 59
6 33 4 50 0 7 1 8 8 2 9 35 3 90 2 81 7 85 5 80
3 12 8 12 6 60 2 71 4 48 7 29 9 13 0 6 1 24 5 29
1 64 9 79 2 71 4 51 5 44 0 91 7 93 3 93 6 50 8 87
4 66 5 69 3 32 1 26 6 58 7 41 9 74 8 12 0 50 2 21
7 43 4 95 5 77 9 59 2 63 6 42 8 41 1 40 3 5 0 30
9 32 8 48 7 20 4 2 6 9 5 67 0 16 1 3 3 44 2 99
