50 10
9 6 4 86 0 59 8 60 2 20 5 25 1 95 3 8 7 37 6 36
9 70 1 86 7 46 8 44 3 38 2 17 5 13 6 99 0 39 4 80
5 18 2 39 9 95 1 67 4 71 7 48 0 54 3 96 8 46 6 79
3 46 4 59 9 17 1 42 8 12 7 66 2 51 6 17 0 62 5 47
7 76 6 54 2 50 4 72 9 2 3 65 1 12 8 2 5 46 0 7
7 86 3 68 5 56 0 56 2 34 9 86 1 30 4 28 6 99 8 75
4 84 9 78 5 60 2 62 6 87 3 72 8 62 7 96 1 43 0 48
8 87 0 96 2 4 7 65 5 86 6 92 4 91 9 77 3 68 1 33
3 32 1 52 5 89 8 85 4 17 6 58 2 1 9 16 7 84 0 68
5 98 3 79 2 5 7 8 0 32 4 46 8 13 6 5 1 2 9 33
7 73 3 98 2 33 9 23 6 22 5 5 0 97 4 22 1 48 8 10
5 92 2 52 0 52 3 7 1 69 4 27 8 30 9 87 7 15 6 70
8 96 5 54 1 83 2 61 6 82 3 82 7 20 4 27 9 41 0 27
7 36 1 84 4 33 9 41 2 44 0 17 5 51 8 38 6 21 3 2
6 90 1 97 5 99 4 95 2 79 7 11 3 2 0 12 9 32 8 31
7 80 1 32 4 20 2 14 6 43 9 61 0 19 5 4 8 44 3 73
1 7 5 62 4 43 6 29 9 59 0 17 7 96 2 34 8 74 3 6
2 20 3 83 4 68 7 61 6 49 1 98 0 51 9 29 8 81 5 87
2 98 4 60 7 24 5 37 8 43 0 61 3 57 1 42 6 24 9 32
5 19 2 2 9 37 4 75 3 12 0 3 8 86 1 73 6 39 7 22
5 88 4 33 8 13 1 89 2 56 9 50 3 97 6 5 7 74 0 8
3 10 9 54 8 67 1 60 7 2 5 74 6 96 0 25 2 57 4 42
1 3 6 62 3 99 4 84 0 61 5 78 9 59 8 16 2 74 7 20
4 44 9 27 5 73 8 6 3 60 2 34 1 21 7 96 0 55 6 25
2 18 3 77 6 12 4 77 7 24 8 37 0 31 5 93 9 36 1 68
2 16 0 84 1 11 9 72 7 20 4 88 6 72 3 19 8 47 5 85
6 5 2 45 4 32 3 13 8 52 5 47 1 32 9 29 0 62 7 79
6 8 9 31 0 35 8 70 7 62 4 82 2 76 5 86 1 37 3 18
9 90 5 84 6 71 7 35 0 72 1 94 2 68 8 24 4 14 3 22
8 28 4 63 3 76 2 15 6 16 0 75 5 22 7 54 1 54 9 4
6 51 1 94 5 41 4 11 0 14 3 34 2 86 7 15 9 42 8 80
7 59 6 55 2 76 4 60 0 82 5 31 9 61 1 64 8 28 3 63
6 77 7 84 4 44 8 52 2 4 9 19 5 20 0 87 3 72 1 27
3 41 2 29 5 29 4 95 7 73 8 67 1 63 9 27 6 35 0 61
8 49 6 10 2 18 1 91 5 15 9 43 7 58 4 30 0 82 3 61
9 65 7 60 4 27 0 1 5 9 3 67 8 97 6 25 1 44 2 57
8 69 7 41 4 20 6 16 1 97 2 26 5 11 9 17 3 23 0 12
6 26 5 92 4 52 3 84 1 76 9 24 7 43 8 54 2 52 0 86
0 75 7 6 9 3 5 41 2 52 6 12 1 29 4 47 3 84 8 32
0 53 4 79 3 55 7 37 8 12 2 82 5 93 1 40 9 28 6 13
5 8 7 84 1 9 4 64 9 75 3 71 0 65 8 90 6 39 2 90
6 21 1 20 5 80 3 27 7 34 0 86 2 30 4 57 9 22 8 96
9 65 2 40 3 69 8 87 5 92 4 26 6 77 0 33 7 87 1 11
4 16 1 41 9 60 7 27 8 18 5 43 0 73 3 72 2 37 6 18
3 72 1 39 8 71 6 23 7 70 0 50 9 30 2 59 4 23 5 54
6 39 2 78 8 87 5 24 7 51 3 63 4 45 0 41 9 95 1 62
4 90 2 14 8 13 6 69 1 68 5 22 7 92 9 91 0 19 3 61
0 62 8 76 4 59 3 64 7 48 5 17 9 40 6 11 2 63 1 64
2 49 0 85 5 95 1 96 9 61 3 86 7 68 8 7 4 47 6 77
4 86 9 54 3 82 2 41 0 99 6 54 1 76 7 33 5 10 8 3
